mloop_version='3.2.1'
archive_type='neural_net_learner'
num_params=8
min_boundary=array([50.3 , 50.1 , -1.  , -1.5 , 42.  ,  0.28,  0.09,  0.  ])
max_boundary=array([50.65 , 50.65 ,  1.   ,  1.   , 50.   ,  0.38 ,  0.15 ,  0.314])
start_datetime='2022-02-03_17-32'
param_names=['green_mot_frequency', 'lattice_loading_frequency', 'y_bias_field_loading', 'z_bias_field_loading', 'LS_bicolor_mot_frequency_for_green', 'LS_blue_mot_intensity', 'LS_green_mot_loading_intensity', 'LS_green_mot_intensity']
search_precision=1e-06
parameter_searches=10
bad_uncer_frac=0.1
trust_region=array([0.175, 0.275, 1.   , 1.25 , 4.   , 0.05 , 0.03 , 0.157])
has_trust_region=True
predict_global_minima_at_end=True
generation_num=3
update_hyperparameters=False
predicted_best_parameters=array([50.51753716, 50.58691497, -0.32276667, -1.5       , 44.56591322,        0.33391293,  0.11229453,  0.24733997])
predicted_best_scaled_cost=-10.488743
predicted_best_cost=-10.48874282836914
all_params=array([[ 5.04333088e+01,  5.03200000e+01,  3.12563771e-02,        -7.50631073e-01,  4.66522575e+01,  3.31227841e-01,         1.20000000e-01,  3.00000000e-01],       [ 5.03129058e+01,  5.01408602e+01,  9.23660842e-01,        -4.60120023e-01,  4.54526964e+01,  3.07183990e-01,         1.12659473e-01,  2.20606872e-01],       [ 5.05379943e+01,  5.01868580e+01,  6.06300338e-01,        -1.32567842e+00,  4.44649614e+01,  2.92021383e-01,         1.09341402e-01,  2.05683331e-01],       [ 5.05023684e+01,  5.01088475e+01, -3.24884862e-01,         8.49122813e-02,  4.32841713e+01,  3.43666105e-01,         1.42885513e-01,  2.88814837e-01],       [ 5.06042188e+01,  5.04821933e+01,  5.99581023e-01,        -4.11384393e-02,  4.40555546e+01,  3.36890716e-01,         1.33544762e-01,  2.61144440e-01],       [ 5.04976873e+01,  5.01947158e+01,  3.13493663e-01,        -2.84497919e-01,  4.63517800e+01,  3.05433477e-01,         9.98361793e-02,  2.92369351e-01],       [ 5.05288458e+01,  5.05950000e+01,  1.00000000e+00,         4.99368927e-01,  4.60272762e+01,  2.81227841e-01,         1.02224518e-01,  1.67451006e-01],       [ 5.06083088e+01,  5.05950000e+01,  1.91131948e-01,        -1.50000000e+00,  4.26522575e+01,  3.18652635e-01,         9.69029813e-02,  2.66270379e-01],       [ 5.04304409e+01,  5.05365816e+01,  1.00000000e+00,        -7.40275682e-01,  5.00000000e+01,  2.81227841e-01,         9.00000000e-02,  1.43000000e-01],       [ 5.03402421e+01,  5.01417746e+01, -5.81623604e-01,        -1.45317351e+00,  4.70509793e+01,  2.95760445e-01,         1.38994124e-01,  3.12216779e-01],       [ 5.04333088e+01,  5.06500000e+01, -8.08868052e-01,        -2.50000000e-01,  4.20000000e+01,  2.80000000e-01,         1.16045595e-01,  3.14000000e-01],       [ 5.05996182e+01,  5.05920763e+01,  1.00000000e+00,        -1.36033158e+00,  4.20000000e+01,  2.80000000e-01,         1.26902981e-01,  1.63986085e-01],       [ 5.06500000e+01,  5.06500000e+01,  1.00000000e+00,        -8.63099344e-01,  4.42150134e+01,  2.87828029e-01,         1.26743558e-01,  3.14000000e-01],       [ 5.03993124e+01,  5.03643063e+01, -1.53677033e-02,        -1.12081325e+00,  4.62191167e+01,  2.93163561e-01,         1.10962807e-01,  1.67171628e-01],       [ 5.06500000e+01,  5.06500000e+01,  1.00000000e+00,        -1.22739053e+00,  4.61590493e+01,  2.80000000e-01,         1.27668216e-01,  3.14000000e-01],       [ 5.06268440e+01,  5.06500000e+01,  1.00000000e+00,        -9.52167330e-01,  4.40139476e+01,  2.80000000e-01,         1.22988644e-01,  3.14000000e-01],       [ 5.06500000e+01,  5.06500000e+01,  1.00000000e+00,        -7.15675704e-01,  4.29499292e+01,  2.80000000e-01,         1.50000000e-01,  3.14000000e-01],       [ 5.05080987e+01,  5.01125511e+01, -6.24158066e-01,        -1.22842711e+00,  4.94347909e+01,  3.35620405e-01,         1.18988712e-01,  2.69082528e-01],       [ 5.06500000e+01,  5.06500000e+01,  1.00000000e+00,        -4.33788255e-01,  4.41079229e+01,  2.92480531e-01,         1.24419443e-01,  3.14000000e-01],       [ 5.06500000e+01,  5.06500000e+01,  1.00000000e+00,        -7.17626155e-01,  4.43275067e+01,  3.00210010e-01,         1.26790843e-01,  3.14000000e-01],       [ 5.06500000e+01,  5.06500000e+01,  1.00000000e+00,        -8.77533813e-01,  4.39465946e+01,  2.89616166e-01,         1.25972113e-01,  3.14000000e-01],       [ 5.03979512e+01,  5.01304193e+01, -8.21299021e-01,        -4.06010528e-01,  4.50715715e+01,  3.23723446e-01,         1.19213522e-01,  2.94057178e-01],       [ 5.06500000e+01,  5.06500000e+01,  1.00000000e+00,        -9.22468514e-01,  4.44116828e+01,  2.83544398e-01,         1.29676461e-01,  3.14000000e-01],       [ 5.06500000e+01,  5.06500000e+01,  1.00000000e+00,        -9.18470441e-01,  4.43612545e+01,  2.87236704e-01,         1.29396927e-01,  3.14000000e-01],       [ 5.06500000e+01,  5.06500000e+01,  1.00000000e+00,        -1.01977100e+00,  4.40705910e+01,  2.92784417e-01,         1.28936646e-01,  3.14000000e-01],       [ 5.03772874e+01,  5.01857756e+01,  4.12920139e-01,        -1.25266655e+00,  4.69785020e+01,  3.37952494e-01,         1.37287935e-01,  2.97153442e-01],       [ 5.06500000e+01,  5.06500000e+01,  8.20157320e-01,        -8.04722982e-01,  4.52130576e+01,  2.80000000e-01,         1.08062103e-01,  3.14000000e-01],       [ 5.06500000e+01,  5.06500000e+01,  9.96467131e-01,         1.51123528e-01,  4.27270531e+01,  2.80000000e-01,         9.67435576e-02,  3.14000000e-01],       [ 5.06500000e+01,  5.06500000e+01,  1.00000000e+00,        -7.14761050e-01,  4.44635558e+01,  2.83764755e-01,         1.18737598e-01,  3.14000000e-01],       [ 5.04302520e+01,  5.03649214e+01, -8.01843313e-02,        -3.04104629e-01,  4.58550967e+01,  2.80447864e-01,         1.13715570e-01,  2.76975962e-01],       [ 5.06500000e+01,  5.06500000e+01,  1.00000000e+00,        -6.98260196e-01,  4.43249076e+01,  2.80000000e-01,         1.34655760e-01,  3.14000000e-01],       [ 5.06500000e+01,  5.06500000e+01,  1.00000000e+00,        -5.97269497e-01,  4.45211335e+01,  2.81684459e-01,         1.23336695e-01,  3.14000000e-01],       [ 5.06500000e+01,  5.06500000e+01,  1.00000000e+00,        -7.25625876e-01,  4.41857427e+01,  2.82114430e-01,         1.22930821e-01,  3.14000000e-01],       [ 5.04126924e+01,  5.01299393e+01, -2.08453651e-01,        -1.12191252e+00,  4.93718894e+01,  3.16686007e-01,         1.17019931e-01,  1.64534296e-01],       [ 5.06358300e+01,  5.06500000e+01,  0.00000000e+00,        -1.34354089e+00,  4.64627382e+01,  2.80000000e-01,         1.49282401e-01,  2.49493538e-01],       [ 5.06500000e+01,  5.03750000e+01,  1.00000000e+00,         3.86900656e-01,  4.78932102e+01,  3.37828029e-01,         1.29875210e-01,  2.80410764e-01],       [ 5.06136634e+01,  5.06500000e+01,  1.00000000e+00,        -1.32160290e+00,  4.20162750e+01,  2.80000000e-01,         1.25425415e-01,  3.14000000e-01],       [ 5.04350982e+01,  5.03135089e+01, -8.54080151e-01,        -3.15523000e-01,  4.83201363e+01,  3.26659597e-01,         1.26011086e-01,  2.36276034e-01],       [ 5.06500000e+01,  5.03750000e+01,  3.42354301e-01,        -1.50000000e+00,  4.31773500e+01,  3.02633485e-01,         1.50000000e-01,  2.45674768e-01],       [ 5.06500000e+01,  5.06494442e+01,  9.28820295e-01,        -7.18323729e-01,  4.47254581e+01,  2.84501018e-01,         1.26784275e-01,  3.09658724e-01],       [ 5.06500000e+01,  5.06299024e+01,  1.00000000e+00,        -9.16637650e-01,  4.41062481e+01,  2.89869375e-01,         1.30314279e-01,  3.14000000e-01],       [ 5.04967085e+01,  5.03240236e+01, -4.71754733e-01,        -1.06276210e+00,  4.94431816e+01,  3.38226839e-01,         1.47158012e-01,  2.44206102e-01],       [ 5.06500000e+01,  5.06500000e+01,  1.00000000e+00,        -8.61906950e-01,  4.42128309e+01,  2.89228531e-01,         1.27055875e-01,  3.14000000e-01],       [ 5.06500000e+01,  5.06274391e+01,  9.93464670e-01,        -8.47833169e-01,  4.42938074e+01,  2.87539612e-01,         1.25519477e-01,  3.07312596e-01],       [ 5.06500000e+01,  5.06500000e+01,  1.00000000e+00,        -8.65490694e-01,  4.42548657e+01,  2.88469696e-01,         1.26832145e-01,  3.14000000e-01],       [ 5.03864237e+01,  5.01216460e+01,  3.21914131e-01,        -9.85767219e-01,  4.55605246e+01,  2.99576831e-01,         1.45245016e-01,  1.78159425e-01],       [ 5.06500000e+01,  5.06500000e+01,  1.00000000e+00,        -8.45512220e-01,  4.42073909e+01,  2.88668477e-01,         1.26778138e-01,  3.14000000e-01],       [ 5.06500000e+01,  5.06270820e+01,  9.98218686e-01,        -9.01677400e-01,  4.41961285e+01,  2.87283685e-01,         1.26199006e-01,  3.14000000e-01],       [ 5.06500000e+01,  5.06500000e+01,  1.00000000e+00,        -8.54014988e-01,  4.41598504e+01,  2.85816024e-01,         1.26218341e-01,  3.14000000e-01],       [ 5.03620487e+01,  5.01321961e+01,  2.87747755e-01,        -1.11643115e+00,  4.87527579e+01,  2.92495158e-01,         1.24399667e-01,  2.07321121e-01],       [ 5.06500000e+01,  5.05402631e+01,  1.00000000e+00,        -1.16512939e+00,  4.43385638e+01,  2.82168148e-01,         1.30823951e-01,  2.71734825e-01],       [ 5.06500000e+01,  5.03750000e+01,  1.00000000e+00,        -9.21923553e-01,  4.20000000e+01,  3.33671428e-01,         1.07038428e-01,  2.75271135e-01],       [ 5.05660753e+01,  5.05550982e+01,  1.00000000e+00,        -1.50000000e+00,  4.38244042e+01,  3.13121208e-01,         1.35305755e-01,  3.14000000e-01],       [ 5.03611506e+01,  5.03926952e+01, -2.07247727e-01,        -9.84670155e-01,  4.48340448e+01,  3.34073346e-01,         1.10828884e-01,  2.94332380e-01],       [ 5.06500000e+01,  5.03750000e+01,  0.00000000e+00,         3.86900656e-01,  4.20000000e+01,  2.80000000e-01,         1.34900919e-01,  2.01632282e-01],       [ 5.06500000e+01,  5.06500000e+01,  1.00000000e+00,        -1.28763075e+00,  4.22528547e+01,  3.37828029e-01,         1.42443892e-01,  3.14000000e-01],       [ 5.04750000e+01,  5.03825600e+01,  0.00000000e+00,        -1.28407399e-01,  4.20000000e+01,  3.22883402e-01,         1.45409151e-01,  1.57000000e-01],       [ 5.03245840e+01,  5.01286890e+01, -4.28277425e-01,        -9.63645226e-01,  4.76810806e+01,  3.33922796e-01,         1.48746589e-01,  3.02714799e-01],       [ 5.06332033e+01,  5.06500000e+01,  1.39772640e-01,        -7.42857032e-01,  4.46124595e+01,  3.02290117e-01,         9.71546853e-02,  3.14000000e-01],       [ 5.06500000e+01,  5.06470968e+01,  9.55499317e-01,        -8.50230773e-01,  4.43016679e+01,  2.86064401e-01,         1.26609734e-01,  3.14000000e-01],       [ 5.04750000e+01,  5.06500000e+01,  4.81872700e-01,         2.53659634e-01,  4.20000000e+01,  3.08876648e-01,         1.04457934e-01,  1.63289974e-01],       [ 5.04603511e+01,  5.03791072e+01, -3.36120639e-01,        -4.04562908e-01,  4.53341550e+01,  3.25303091e-01,         1.37843837e-01,  2.20670344e-01],       [ 5.06500000e+01,  5.03750000e+01,  1.27379210e-01,        -9.12593703e-01,  4.20000000e+01,  3.29939414e-01,         1.50000000e-01,  3.14000000e-01],       [ 5.04750000e+01,  5.04519996e+01,  1.00000000e+00,        -2.20272849e-01,  4.41763265e+01,  2.93693696e-01,         1.46445606e-01,  3.01688888e-01],       [ 5.06491392e+01,  5.05368705e+01,  1.00000000e+00,        -9.70867536e-01,  4.46148262e+01,  3.08122480e-01,         1.36398994e-01,  3.14000000e-01],       [ 5.04062254e+01,  5.02684838e+01, -9.68958973e-01,        -6.07548359e-01,  4.73196680e+01,  2.81829972e-01,         1.26626243e-01,  3.04556864e-01],       [ 5.05887811e+01,  5.05837162e+01,  7.02010568e-01,        -1.33051499e+00,  4.44006548e+01,  2.80000000e-01,         1.21277055e-01,  3.14000000e-01],       [ 5.05566870e+01,  5.05691935e+01,  1.00000000e+00,        -1.43943611e+00,  4.20000000e+01,  2.80000000e-01,         9.67435576e-02,  3.14000000e-01],       [ 5.06500000e+01,  5.06500000e+01,  1.00000000e+00,        -8.68080680e-01,  4.39355337e+01,  2.86582259e-01,         1.26593853e-01,  3.14000000e-01],       [ 5.04833605e+01,  5.03529200e+01,  3.64624509e-01,        -1.28439507e+00,  4.97364758e+01,  3.05898572e-01,         1.18796982e-01,  2.65956986e-01],       [ 5.04976966e+01,  5.03750000e+01,  1.00000000e+00,        -1.25022783e+00,  4.52640547e+01,  2.80000000e-01,         1.18785069e-01,  3.14000000e-01],       [ 5.06500000e+01,  5.06500000e+01,  7.46416397e-01,        -7.17562708e-01,  4.25619795e+01,  3.20652184e-01,         1.23849019e-01,  3.14000000e-01],       [ 5.06426086e+01,  5.04630027e+01,  1.87826428e-01,        -1.32858304e+00,  4.20000000e+01,  2.80000000e-01,         9.67435576e-02,  2.07074128e-01],       [ 5.04728603e+01,  5.02379247e+01,  2.37004980e-02,        -1.38380275e+00,  4.63027008e+01,  3.03055675e-01,         1.37905545e-01,  1.80600870e-01],       [ 5.06500000e+01,  5.06500000e+01,  1.00000000e+00,        -1.42084589e+00,  4.33837645e+01,  2.91380913e-01,         9.94416557e-02,  3.14000000e-01],       [ 5.05720189e+01,  5.04693010e+01,  7.66825765e-01,        -2.12731681e-01,  4.53799554e+01,  2.80000000e-01,         1.11556317e-01,  2.37550629e-01],       [ 5.06500000e+01,  5.05845213e+01,  1.00000000e+00,        -8.93764502e-01,  4.32787030e+01,  3.31958011e-01,         1.00097308e-01,  3.14000000e-01],       [ 5.04188016e+01,  5.01260862e+01, -4.52331056e-01,        -8.16156924e-01,  4.66037635e+01,  3.09886095e-01,         1.16948286e-01,  2.34375337e-01],       [ 5.06500000e+01,  5.06500000e+01,  9.87103962e-01,         3.86900656e-01,  4.20000000e+01,  2.80000000e-01,         9.67435576e-02,  1.57000000e-01],       [ 5.06500000e+01,  5.05844257e+01,  9.24223758e-01,         1.68845651e-01,  4.29141838e+01,  3.07155647e-01,         9.90737844e-02,  3.14000000e-01],       [ 5.06500000e+01,  5.06500000e+01,  1.00000000e+00,        -8.68470480e-01,  4.43167672e+01,  2.88491107e-01,         1.25449521e-01,  3.14000000e-01],       [ 5.03032585e+01,  5.03463144e+01,  3.24280692e-02,        -1.11772413e+00,  4.37816985e+01,  2.83075746e-01,         1.26110884e-01,  2.12453569e-01],       [ 5.04791099e+01,  5.05044317e+01,  1.00000000e+00,        -1.09192260e+00,  4.54846650e+01,  2.80000000e-01,         9.67435576e-02,  1.57000000e-01],       [ 5.06500000e+01,  5.06500000e+01,  1.00000000e+00,        -8.00244686e-01,  4.73796118e+01,  2.80000000e-01,         1.36534992e-01,  1.88842061e-01],       [ 5.06094940e+01,  5.06500000e+01,  1.90266579e-01,        -1.06926797e+00,  4.82150134e+01,  3.11738883e-01,         1.50000000e-01,  2.56250021e-01],       [ 5.03079865e+01,  5.01237735e+01,  2.32520678e-01,        -1.17859589e+00,  4.84108602e+01,  3.35197365e-01,         1.32676925e-01,  2.00905255e-01],       [ 5.06500000e+01,  5.06500000e+01,  1.00000000e+00,        -8.39911214e-01,  4.39768204e+01,  2.92574128e-01,         1.23232141e-01,  3.14000000e-01],       [ 5.06500000e+01,  5.03750000e+01,  1.00000000e+00,        -2.45803434e-01,  4.43105137e+01,  3.08574349e-01,         1.12053088e-01,  2.62737292e-01],       [ 5.06500000e+01,  5.06500000e+01,  1.00000000e+00,        -8.65332793e-01,  4.43541219e+01,  2.89410065e-01,         1.26887758e-01,  3.14000000e-01],       [ 5.03448655e+01,  5.01805956e+01,  1.37789468e-01,        -1.20529787e+00,  4.64019829e+01,  3.42834123e-01,         1.41200554e-01,  1.69800181e-01],       [ 5.06500000e+01,  5.06500000e+01,  1.00000000e+00,        -8.17771994e-01,  4.40519170e+01,  2.91689073e-01,         1.25911287e-01,  3.14000000e-01],       [ 5.06500000e+01,  5.06500000e+01,  9.19603410e-01,        -8.52506453e-01,  4.43062159e+01,  2.82111755e-01,         1.26583679e-01,  3.12114771e-01],       [ 5.06500000e+01,  5.06500000e+01,  1.00000000e+00,        -8.53373128e-01,  4.42990513e+01,  2.88864040e-01,         1.26852544e-01,  3.14000000e-01],       [ 5.03111687e+01,  5.02874220e+01, -4.49505749e-01,        -7.87302918e-01,  4.66051117e+01,  3.08942227e-01,         1.36768948e-01,  2.19294210e-01],       [ 5.06500000e+01,  5.06500000e+01,  1.00000000e+00,        -8.10412735e-01,  4.41487235e+01,  2.89227870e-01,         1.27866788e-01,  3.14000000e-01],       [ 5.06357273e+01,  5.05285734e+01,  1.00000000e+00,        -1.00501127e-01,  4.82150134e+01,  3.37828029e-01,         9.67435576e-02,  3.14000000e-01],       [ 5.06500000e+01,  5.04315506e+01,  0.00000000e+00,        -1.43536126e-02,  4.67878753e+01,  2.94953202e-01,         9.67435576e-02,  3.14000000e-01],       [ 5.03631199e+01,  5.03049751e+01, -6.41980907e-01,        -6.92998485e-01,  4.46652303e+01,  2.92266265e-01,         1.13119611e-01,  3.05530878e-01],       [ 5.05246681e+01,  5.04785081e+01,  0.00000000e+00,        -1.16631244e+00,  4.47558240e+01,  3.26261472e-01,         1.16082839e-01,  2.45872032e-01],       [ 5.04750000e+01,  5.03750000e+01,  8.30443856e-01,        -5.30961552e-02,  4.20856896e+01,  2.80000000e-01,         1.07861725e-01,  1.68674724e-01],       [ 5.04750000e+01,  5.03750000e+01,  1.00000000e+00,        -8.68523498e-01,  4.54277145e+01,  3.27893884e-01,         1.17515171e-01,  2.32019067e-01],       [ 5.03121840e+01,  5.03991013e+01, -2.41142556e-01,        -4.20249063e-01,  4.52278005e+01,  3.16722981e-01,         1.28469650e-01,  2.52228384e-01],       [ 5.05716246e+01,  5.06500000e+01, -6.95216545e-01,        -1.50000000e+00,  4.40288827e+01,  3.50589776e-01,         1.11409693e-01,  2.05922722e-01],       [ 5.05403908e+01,  5.06500000e+01, -1.00000000e+00,        -1.50000000e+00,  4.31344618e+01,  3.49888281e-01,         1.18770123e-01,  1.49060923e-01],       [ 5.05214183e+01,  5.05440031e+01, -1.54144665e-01,        -1.36810364e+00,  4.49780847e+01,  3.33662474e-01,         1.11695393e-01,  2.40235012e-01],       [ 5.04292538e+01,  5.06411047e+01,  2.65158506e-01,        -8.69222761e-02,  4.54097859e+01,  3.12153179e-01,         1.38143095e-01,  2.61747671e-01],       [ 5.05148225e+01,  5.06500000e+01, -5.76066185e-02,        -1.50000000e+00,  4.54597188e+01,  3.25146401e-01,         1.05128114e-01,  2.38890253e-01],       [ 5.05208158e+01,  5.06500000e+01, -3.94075103e-02,        -1.50000000e+00,  4.53578600e+01,  3.27339419e-01,         1.14356267e-01,  2.53175894e-01],       [ 5.04994689e+01,  5.05050002e+01, -3.02905428e-02,        -1.25046476e+00,  4.49399979e+01,  3.29736807e-01,         1.11474491e-01,  2.48969487e-01],       [ 5.03095434e+01,  5.04921192e+01, -7.63444383e-01,        -1.47879229e+00,  4.41719218e+01,  3.53142785e-01,         1.24680783e-01,  1.63457614e-01],       [ 5.05658972e+01,  5.05463892e+01, -1.23123320e-01,        -1.27713266e+00,  4.48438134e+01,  3.27568323e-01,         1.14329933e-01,  2.38340262e-01],       [ 5.05749391e+01,  5.05591296e+01, -7.58766327e-02,        -1.50000000e+00,  4.48894163e+01,  3.26509773e-01,         1.20209316e-01,  2.42495136e-01],       [ 5.05554257e+01,  5.05294609e+01, -1.60696702e-01,        -1.33635993e+00,  4.47692693e+01,  3.31344005e-01,         1.14676281e-01,  2.33711275e-01],       [ 5.03641297e+01,  5.01473475e+01,  5.65703688e-01,        -1.12455365e-01,  4.69269896e+01,  3.00125870e-01,         1.38275317e-01,  2.53887874e-01],       [ 5.05574552e+01,  5.05436229e+01, -2.66284669e-01,        -1.49212259e+00,  4.45056516e+01,  3.37773430e-01,         1.12035057e-01,  2.46707406e-01],       [ 5.05390094e+01,  5.05450564e+01, -2.46608416e-01,        -1.50000000e+00,  4.37749264e+01,  3.30953520e-01,         1.07172806e-01,  2.08987580e-01],       [ 5.05308025e+01,  5.04751367e+01, -1.57811482e-01,        -1.33268309e+00,  4.46915210e+01,  3.34123734e-01,         1.14566365e-01,  2.30519160e-01],       [ 5.04476827e+01,  5.04312405e+01, -6.27390614e-01,         3.35644501e-01,  4.25896069e+01,  3.13388642e-01,         1.35784582e-01,  2.57380175e-01],       [ 5.05131284e+01,  5.05108630e+01, -1.23257488e-01,        -1.19466332e+00,  4.50295363e+01,  3.29319429e-01,         1.16834062e-01,  2.33877626e-01],       [ 5.05333219e+01,  5.05542473e+01, -1.48994805e-01,        -1.50000000e+00,  4.50205795e+01,  3.35526368e-01,         1.13644395e-01,  2.34761956e-01],       [ 5.05254919e+01,  5.05154416e+01, -1.09805388e-01,        -1.22180021e+00,  4.48601978e+01,  3.30831214e-01,         1.16941801e-01,  2.45360038e-01],       [ 5.03203322e+01,  5.03013979e+01, -4.94845138e-01,         2.92648151e-01,  4.24186747e+01,  3.45863630e-01,         1.36263821e-01,  2.88675672e-01],       [ 5.06500000e+01,  5.06500000e+01, -3.50558935e-01,        -1.42670966e+00,  4.35274099e+01,  3.41218377e-01,         1.09677941e-01,  2.35272856e-01],       [ 5.05678255e+01,  5.05899844e+01, -2.09051760e-02,        -1.50000000e+00,  4.42483185e+01,  3.31639885e-01,         1.13580792e-01,  2.42495029e-01],       [ 5.05291085e+01,  5.04783396e+01, -4.48855689e-02,        -1.21798242e+00,  4.46016284e+01,  3.24171866e-01,         1.11326101e-01,  2.32002768e-01],       [ 5.03506513e+01,  5.04796674e+01, -4.59548914e-01,        -8.12761094e-01,  4.58458206e+01,  3.59811039e-01,         1.17660532e-01,  2.32615805e-01],       [ 5.05199815e+01,  5.04727827e+01,  2.05582648e-01,        -1.07872467e+00,  4.45351382e+01,  3.24310074e-01,         1.18873568e-01,  2.43357093e-01],       [ 5.05404238e+01,  5.05033422e+01, -1.32747627e-01,        -1.21788453e+00,  4.48914119e+01,  3.28840707e-01,         1.12043300e-01,  2.33770445e-01],       [ 5.05497729e+01,  5.05473210e+01, -1.91297807e-01,        -1.36501701e+00,  4.49844258e+01,  3.35453087e-01,         1.13177530e-01,  2.47709863e-01],       [ 5.03746396e+01,  5.05087043e+01,  4.70774978e-01,        -8.67083691e-01,  4.37923610e+01,  2.93018559e-01,         1.01794986e-01,  2.74128654e-01],       [ 5.05366191e+01,  5.06500000e+01, -1.00000000e+00,        -1.14999500e+00,  4.74554252e+01,  3.69708587e-01,         1.40329226e-01,  1.06303341e-01],       [ 5.05239802e+01,  5.05097336e+01, -2.49326132e-01,        -1.29506103e+00,  4.50776882e+01,  3.33181194e-01,         1.11321590e-01,  2.35097809e-01],       [ 5.05205397e+01,  5.06500000e+01, -3.37488346e-01,        -1.50000000e+00,  4.51324127e+01,  3.44554550e-01,         1.02800024e-01,  2.20817071e-01],       [ 5.03316049e+01,  5.04685082e+01,  4.74958019e-01,        -8.46244479e-01,  4.44579186e+01,  3.44631080e-01,         1.47895569e-01,  1.60701119e-01],       [ 5.05246873e+01,  5.04303150e+01, -2.13327378e-02,        -1.16172582e+00,  4.47242510e+01,  3.18882491e-01,         1.17992096e-01,  2.49701414e-01],       [ 5.05766941e+01,  5.06450289e+01, -3.82937152e-01,        -1.50000000e+00,  4.36158545e+01,  3.14101242e-01,         1.22530335e-01,  2.36422135e-01],       [ 5.05263347e+01,  5.06047669e+01, -2.94531972e-01,        -1.50000000e+00,  4.47055673e+01,  3.32675081e-01,         1.09509542e-01,  2.39590663e-01],       [ 5.03519656e+01,  5.02662790e+01, -4.00054261e-02,         2.95214984e-01,  4.60945260e+01,  3.26863750e-01,         1.39696737e-01,  2.16379170e-01],       [ 5.05110184e+01,  5.06316716e+01, -2.13679565e-01,        -1.50000000e+00,  4.48576895e+01,  3.33486650e-01,         1.10792207e-01,  2.34901314e-01],       [ 5.06500000e+01,  5.06500000e+01, -8.14380543e-01,        -1.50000000e+00,  4.43617111e+01,  3.28683085e-01,         1.15486519e-01,  1.80597401e-01],       [ 5.05210648e+01,  5.05942595e+01, -2.50540998e-01,        -1.44904373e+00,  4.47672220e+01,  3.33779759e-01,         1.10006825e-01,  2.38232238e-01],       [ 5.04240431e+01,  5.05232928e+01, -5.16906096e-02,        -4.42261700e-01,  4.84062245e+01,  3.07408293e-01,         1.33184871e-01,  1.43632226e-01],       [ 5.05866841e+01,  5.05537239e+01, -3.00126432e-01,        -1.50000000e+00,  4.46048652e+01,  3.30651743e-01,         1.09743786e-01,  2.42600544e-01],       [ 5.05436549e+01,  5.05048751e+01, -1.13828200e-01,        -1.38196084e+00,  4.47206337e+01,  3.29541161e-01,         1.14679493e-01,  2.50455529e-01],       [ 5.05613900e+01,  5.05530061e+01, -2.24507547e-01,        -1.44656170e+00,  4.46390100e+01,  3.31092962e-01,         1.13000219e-01,  2.37685805e-01],       [ 5.04029915e+01,  5.02724707e+01,  1.50642792e-01,         3.02011920e-01,  4.47531865e+01,  2.98170152e-01,         1.47604353e-01,  1.22696655e-01],       [ 5.05356070e+01,  5.05262840e+01, -1.26863308e-01,        -1.32593451e+00,  4.50903177e+01,  3.33559406e-01,         1.10597858e-01,  2.37318177e-01],       [ 5.05462824e+01,  5.06339761e+01, -4.20971433e-01,        -1.50000000e+00,  4.45728851e+01,  3.27562122e-01,         1.06855923e-01,  2.35425982e-01],       [ 5.03513347e+01,  5.06500000e+01,  7.05468028e-01,        -1.50000000e+00,  4.48673003e+01,  3.34991700e-01,         9.68490233e-02,  2.86164622e-01]])
all_costs=array([-0.00000000e+00, -0.00000000e+00, -0.00000000e+00, -0.00000000e+00,       -0.00000000e+00, -0.00000000e+00, -0.00000000e+00, -9.66609151e-02,       -0.00000000e+00, -0.00000000e+00, -0.00000000e+00, -0.00000000e+00,       -8.76391994e+00, -0.00000000e+00, -0.00000000e+00, -0.00000000e+00,       -0.00000000e+00, -0.00000000e+00, -0.00000000e+00, -0.00000000e+00,       -0.00000000e+00, -0.00000000e+00, -2.21366501e-01, -0.00000000e+00,       -0.00000000e+00, -0.00000000e+00, -0.00000000e+00, -0.00000000e+00,       -0.00000000e+00, -0.00000000e+00, -0.00000000e+00, -0.00000000e+00,       -0.00000000e+00, -0.00000000e+00, -0.00000000e+00, -0.00000000e+00,       -0.00000000e+00, -0.00000000e+00, -0.00000000e+00, -0.00000000e+00,       -0.00000000e+00, -0.00000000e+00, -0.00000000e+00, -0.00000000e+00,       -0.00000000e+00, -0.00000000e+00, -0.00000000e+00, -0.00000000e+00,       -0.00000000e+00, -0.00000000e+00, -0.00000000e+00,  1.89652215e-17,       -0.00000000e+00, -0.00000000e+00, -0.00000000e+00, -0.00000000e+00,       -1.19300774e-01, -0.00000000e+00, -0.00000000e+00, -0.00000000e+00,       -0.00000000e+00, -0.00000000e+00, -0.00000000e+00, -0.00000000e+00,       -0.00000000e+00, -0.00000000e+00, -0.00000000e+00, -0.00000000e+00,       -0.00000000e+00, -0.00000000e+00, -0.00000000e+00, -0.00000000e+00,       -0.00000000e+00, -0.00000000e+00, -0.00000000e+00, -0.00000000e+00,       -0.00000000e+00, -0.00000000e+00, -0.00000000e+00, -0.00000000e+00,       -0.00000000e+00, -0.00000000e+00, -0.00000000e+00, -0.00000000e+00,       -0.00000000e+00, -0.00000000e+00, -0.00000000e+00, -0.00000000e+00,       -0.00000000e+00, -0.00000000e+00, -0.00000000e+00, -0.00000000e+00,       -0.00000000e+00, -0.00000000e+00, -0.00000000e+00, -0.00000000e+00,       -0.00000000e+00, -0.00000000e+00, -9.18161169e+00, -0.00000000e+00,       -0.00000000e+00, -0.00000000e+00, -0.00000000e+00, -0.00000000e+00,       -9.01945337e+00, -0.00000000e+00, -0.00000000e+00, -0.00000000e+00,       -0.00000000e+00, -0.00000000e+00, -0.00000000e+00, -0.00000000e+00,       -8.86223261e+00, -0.00000000e+00, -0.00000000e+00, -0.00000000e+00,       -0.00000000e+00, -0.00000000e+00, -0.00000000e+00, -0.00000000e+00,       -0.00000000e+00, -0.00000000e+00, -0.00000000e+00, -0.00000000e+00,       -0.00000000e+00, -0.00000000e+00, -0.00000000e+00, -0.00000000e+00,       -0.00000000e+00, -0.00000000e+00, -0.00000000e+00, -0.00000000e+00,       -0.00000000e+00, -0.00000000e+00, -0.00000000e+00, -0.00000000e+00,       -9.82847368e+00, -0.00000000e+00, -0.00000000e+00, -0.00000000e+00,       -0.00000000e+00, -0.00000000e+00, -0.00000000e+00, -0.00000000e+00,       -0.00000000e+00, -0.00000000e+00, -0.00000000e+00, -0.00000000e+00,       -0.00000000e+00])
all_uncers=array([1.e-08, 1.e-08, 1.e-08, 1.e-08, 1.e-08, 1.e-08, 1.e-08, 1.e-08,       1.e-08, 1.e-08, 1.e-08, 1.e-08, 1.e-08, 1.e-08, 1.e-08, 1.e-08,       1.e-08, 1.e-08, 1.e-08, 1.e-08, 1.e-08, 1.e-08, 1.e-08, 1.e-08,       1.e-08, 1.e-08, 1.e-08, 1.e-08, 1.e-08, 1.e-08, 1.e-08, 1.e-08,       1.e-08, 1.e-08, 1.e-08, 1.e-08, 1.e-08, 1.e-08, 1.e-08, 1.e-08,       1.e-08, 1.e-08, 1.e-08, 1.e-08, 1.e-08, 1.e-08, 1.e-08, 1.e-08,       1.e-08, 1.e-08, 1.e-08, 1.e-08, 1.e-08, 1.e-08, 1.e-08, 1.e-08,       1.e-08, 1.e-08, 1.e-08, 1.e-08, 1.e-08, 1.e-08, 1.e-08, 1.e-08,       1.e-08, 1.e-08, 1.e-08, 1.e-08, 1.e-08, 1.e-08, 1.e-08, 1.e-08,       1.e-08, 1.e-08, 1.e-08, 1.e-08, 1.e-08, 1.e-08, 1.e-08, 1.e-08,       1.e-08, 1.e-08, 1.e-08, 1.e-08, 1.e-08, 1.e-08, 1.e-08, 1.e-08,       1.e-08, 1.e-08, 1.e-08, 1.e-08, 1.e-08, 1.e-08, 1.e-08, 1.e-08,       1.e-08, 1.e-08, 1.e-08, 1.e-08, 1.e-08, 1.e-08, 1.e-08, 1.e-08,       1.e-08, 1.e-08, 1.e-08, 1.e-08, 1.e-08, 1.e-08, 1.e-08, 1.e-08,       1.e-08, 1.e-08, 1.e-08, 1.e-08, 1.e-08, 1.e-08, 1.e-08, 1.e-08,       1.e-08, 1.e-08, 1.e-08, 1.e-08, 1.e-08, 1.e-08, 1.e-08, 1.e-08,       1.e-08, 1.e-08, 1.e-08, 1.e-08, 1.e-08, 1.e-08, 1.e-08, 1.e-08,       1.e-08, 1.e-08, 1.e-08, 1.e-08, 1.e-08, 1.e-08, 1.e-08, 1.e-08,       1.e-08, 1.e-08, 1.e-08, 1.e-08, 1.e-08])
bad_run_indexs=[]
best_cost=-9.828473681902366
best_params=array([50.52633473, 50.6047669 , -0.29453197, -1.5       , 44.70556727,        0.33267508,  0.10950954,  0.23959066])
best_index=136
worst_cost=1.896522154664583e-17
worst_index=51
cost_range=9.828473681902366
costs_count=149
params_count=111
cost_scaler_init_index=6
net_0={'last_hyperfit': 0, 'last_net_reg': 1e-08, 'regularization_history': [1e-08], 'losses_list': [0.55402887, 0.116365455, 0.032448534, 0.0142155625, 0.004107269, 0.0011329864, 0.00022071532, 4.3304255e-05, 4.275679e-05, 2.3301698e-05, 9.123943e-06, 2.8863362e-06, 1.7104012e-06, 8.440794e-07, 6.5452116e-07, 5.8897746e-07, 5.4665577e-07, 5.4186484e-07, 5.3765956e-07, 5.367916e-07, 5.3647176e-07, 5.364352e-07, 5.364024e-07, 5.363806e-07, 5.363758e-07, 5.363745e-07, 5.363741e-07, 5.3637376e-07, 5.3637376e-07, 5.363737e-07, 0.32789066, 0.023151388, 0.010448271, 0.0046463325, 0.001469299, 0.00042147734, 0.00030064466, 9.642155e-05, 1.1290901e-05, 7.0980636e-06, 3.7379507e-06, 1.128115e-06, 1.0004079e-06, 7.103758e-07, 5.6673554e-07, 5.52917e-07, 5.698912, 0.43194622, 0.045723885, 0.02465688, 0.005283784, 0.0036998228, 0.0011834097, 0.0002658337, 0.00014222931, 4.5589106e-05, 1.3224256e-05, 6.0680213e-06, 2.9055525e-06, 1.2036646e-06, 7.5748403e-07, 6.254212e-07, 5.5829537e-07, 5.459457e-07, 4.223353, 3.7332664, 3.9386206, 2.8423257, 4.4746504, 2.7057097, 2.5633829, 1.6956877, 1.1787535, 0.4376471, 0.033684935, 0.005844018, 0.0026436634, 0.001248021, 0.0008339866, 0.00018385405, 7.367104e-05, 3.244114e-05, 8.067133e-06, 1.0658332e-06, 6.717249e-07, 5.8770894e-07, 7.9323335, 2.600533, 2.343235, 2.1348565, 1.7705766, 1.3431995, 0.85411966, 0.43007964, 0.1905836, 0.13390008, 0.032110505, 0.009129198, 0.0043820753, 0.0025708294, 0.0023756532, 0.0019928725, 0.0011411108, 0.0010509082, 0.0008861604, 0.0008070971, 3.887164, 0.5367202, 0.104800224, 0.026421512, 0.004479594, 0.0015057635, 0.0007432532, 0.00041207465, 0.00026744808, 0.00022546339, 0.00022824563, 0.00018850237, 2.1978867, 2.6933012, 2.05679, 3.024812, 2.0526512, 1.8074999, 1.6360394, 1.5632721, 1.4728302, 1.4431316, 1.3760679, 1.69981, 1.4084234, 1.3436856, 1.2388078, 1.2089323, 1.1633663, 1.1300207, 1.0927801, 1.058981, 1.1433516, 1.0397754, 1.0016608, 0.96695495, 0.9346188, 0.9019364, 0.8759405, 0.855764, 0.8390741, 0.81256896, 0.7874987, 0.7813805, 0.7574696, 0.7546074, 0.72541016, 0.725916, 1.3213813, 0.6916348, 0.68657744, 0.68335, 1.3047589, 0.66333675, 0.65271574, 0.644571, 1.4712154, 1.0821239, 0.68767136, 0.6504335, 1.4234303, 1.625326, 1.1501559, 0.79218614, 0.6837786, 0.64092565, 1.0803771, 0.6731656, 0.6107757, 0.5971297, 1.7477026, 1.6499906, 1.4130435, 1.3190738, 1.0036957, 0.715749, 0.5797737, 0.55790645, 2.5190194, 1.3220122, 0.72085685, 0.5567629, 0.5323933, 0.520057, 1.2832282, 2.9972465, 1.2921503, 0.8598135, 0.61071354, 0.55463976, 1.2004333, 0.6364201, 0.567292, 0.5430626, 1.1011846, 0.5396374, 0.5410563, 0.5019259, 1.4107927, 1.7511072, 1.2909894, 1.1131096, 0.92713434, 0.8625828, 1.7470784, 1.388416, 1.0617707, 1.0320715, 1.2726574, 1.0549936, 0.9477412, 0.7608933, 0.6837297, 0.6732848, 0.6122887, 0.5466752], 'scaler_samples': (array([[ 5.04333088e+01,  5.03200000e+01,  3.12563771e-02,        -7.50631073e-01,  4.66522575e+01,  3.31227841e-01,         1.20000000e-01,  3.00000000e-01],       [ 5.03129058e+01,  5.01408602e+01,  9.23660842e-01,        -4.60120023e-01,  4.54526964e+01,  3.07183990e-01,         1.12659473e-01,  2.20606872e-01],       [ 5.05379943e+01,  5.01868580e+01,  6.06300338e-01,        -1.32567842e+00,  4.44649614e+01,  2.92021383e-01,         1.09341402e-01,  2.05683331e-01],       [ 5.05023684e+01,  5.01088475e+01, -3.24884862e-01,         8.49122813e-02,  4.32841713e+01,  3.43666105e-01,         1.42885513e-01,  2.88814837e-01],       [ 5.06042188e+01,  5.04821933e+01,  5.99581023e-01,        -4.11384393e-02,  4.40555546e+01,  3.36890716e-01,         1.33544762e-01,  2.61144440e-01],       [ 5.04976873e+01,  5.01947158e+01,  3.13493663e-01,        -2.84497919e-01,  4.63517800e+01,  3.05433477e-01,         9.98361793e-02,  2.92369351e-01]]), array([-0., -0., -0., -0., -0., -0.])), 'net': {'saver_path': 'C:\\Users\\YbMinutes\\labscript-suite\\userlib\\labscriptlib\\ybclock\\analysis\\analysislib-mloop\\M-LOOP_archives\\neural_net_archive_2022-02-03_17-32_56qt7-5t.ckpt'}}
net_1={'last_hyperfit': 0, 'last_net_reg': 1e-08, 'regularization_history': [1e-08], 'losses_list': [0.21732186, 0.08216365, 0.027496155, 0.006133372, 0.0017419403, 0.0005934135, 0.00011613467, 8.491976e-05, 4.1505416e-05, 1.0364762e-05, 5.908171e-06, 2.5979543e-06, 1.0624398e-06, 7.3275703e-07, 5.9814306e-07, 5.573773e-07, 5.4841405e-07, 5.411151e-07, 5.418306e-07, 5.4035354e-07, 5.4036536e-07, 5.4030255e-07, 5.402493e-07, 5.402518e-07, 5.402448e-07, 5.4024474e-07, 5.402444e-07, 5.4024423e-07, 5.4024423e-07, 5.4024423e-07, 0.53444177, 0.028039701, 0.008897132, 0.0009264281, 0.0010135649, 0.00043302914, 0.00013952468, 2.1388614e-05, 9.02211e-06, 6.6061457e-06, 2.2369225e-06, 1.2292568e-06, 7.3772776e-07, 5.8904584e-07, 5.1446733, 0.20408992, 0.04776546, 0.034777798, 0.013090043, 0.0013036114, 0.000812298, 0.00050387636, 6.8431174e-05, 3.435471e-05, 2.6414005e-05, 4.276594e-06, 1.8978255e-06, 1.5873259e-06, 9.2537215e-07, 6.0524565e-07, 5.659255e-07, 5.6289394e-07, 4.5202236, 4.5641193, 2.7034059, 2.3136008, 2.3704956, 1.4159824, 0.6909198, 0.1406097, 0.0459865, 0.015718441, 0.0025441484, 0.00069993624, 0.00015139453, 0.00028611426, 8.561629, 2.6955168, 1.7791537, 1.1628491, 0.695814, 0.12956989, 0.0047159134, 0.0025853536, 0.0011095845, 9.647867e-05, 3.3012042e-05, 1.5128373e-05, 7.825766e-06, 2.1773612e-06, 1.869787e-06, 1.1818602e-06, 6.7883593e-07, 5.8142103e-07, 5.7646446e-07, 5.69667e-07, 9.036467, 2.530507, 2.2400846, 2.2052288, 2.4758646, 1.6787713, 1.489712, 1.3220057, 1.171276, 1.0854199, 0.5695327, 0.34936482, 0.09276611, 0.03105782, 0.15918513, 0.0049972734, 0.0010490566, 0.0003081234, 6.971667e-05, 7.847199e-05, 1.5607831e-05, 7.348215e-05, 2.4671192e-05, 2.3372071e-05, 6.606768, 2.1164048, 2.7188923, 2.2992036, 1.7337023, 1.569092, 1.4156986, 1.3421876, 1.4845074, 1.3710546, 1.3868948, 1.3519069, 1.2980961, 1.2400738, 1.1923267, 1.1446197, 1.0970508, 1.090689, 1.0367054, 1.1955812, 1.0987512, 1.0178759, 0.9877153, 0.9339732, 0.93377435, 0.8838031, 0.8573002, 0.9735709, 0.8497223, 0.82429755, 0.7912114, 0.7770153, 0.75670516, 0.74934816, 0.7222213, 0.72332925, 1.4933163, 1.1154302, 0.7043205, 0.67987823, 1.3491147, 0.67443067, 0.64671487, 0.64095235, 1.612175, 1.1819451, 0.88996303, 0.7370991, 0.6845231, 0.63711613, 1.778907, 1.6523504, 1.1873181, 2.0517457, 2.0518448, 1.3634309, 1.0680997, 1.0915005, 0.8260136, 0.65800434, 1.9302957, 1.4088191, 1.2304386, 0.88304603, 0.7647046, 0.6380812, 0.5727548, 0.5511211, 1.3940202, 0.52088654, 0.5086729, 0.54965556, 1.2538906, 1.1828269, 2.4244525, 1.8954685, 1.3853664, 1.2553056, 0.9791684, 0.9672507, 0.6049765, 0.5340336, 1.6810013, 0.5814203, 0.52001065, 0.49948114, 2.3582559, 0.91321105, 0.8328388, 0.737731, 1.2992331, 0.8257775, 0.7432478, 0.68150294, 1.1743913, 1.5618752, 0.9374454, 0.6917722, 0.69306964, 0.5622627], 'scaler_samples': (array([[ 5.04333088e+01,  5.03200000e+01,  3.12563771e-02,        -7.50631073e-01,  4.66522575e+01,  3.31227841e-01,         1.20000000e-01,  3.00000000e-01],       [ 5.03129058e+01,  5.01408602e+01,  9.23660842e-01,        -4.60120023e-01,  4.54526964e+01,  3.07183990e-01,         1.12659473e-01,  2.20606872e-01],       [ 5.05379943e+01,  5.01868580e+01,  6.06300338e-01,        -1.32567842e+00,  4.44649614e+01,  2.92021383e-01,         1.09341402e-01,  2.05683331e-01],       [ 5.05023684e+01,  5.01088475e+01, -3.24884862e-01,         8.49122813e-02,  4.32841713e+01,  3.43666105e-01,         1.42885513e-01,  2.88814837e-01],       [ 5.06042188e+01,  5.04821933e+01,  5.99581023e-01,        -4.11384393e-02,  4.40555546e+01,  3.36890716e-01,         1.33544762e-01,  2.61144440e-01],       [ 5.04976873e+01,  5.01947158e+01,  3.13493663e-01,        -2.84497919e-01,  4.63517800e+01,  3.05433477e-01,         9.98361793e-02,  2.92369351e-01]]), array([-0., -0., -0., -0., -0., -0.])), 'net': {'saver_path': 'C:\\Users\\YbMinutes\\labscript-suite\\userlib\\labscriptlib\\ybclock\\analysis\\analysislib-mloop\\M-LOOP_archives\\neural_net_archive_2022-02-03_17-32_3KHKZ9zl.ckpt'}}
net_2={'last_hyperfit': 0, 'last_net_reg': 1e-08, 'regularization_history': [1e-08], 'losses_list': [0.77969605, 0.0726104, 0.017431699, 0.0058761896, 0.0025846523, 0.00055967213, 0.0003409535, 0.00013993944, 3.5444235e-05, 1.2098888e-05, 6.2693944e-06, 1.665948e-06, 1.3775596e-06, 8.361325e-07, 6.151685e-07, 5.382009e-07, 5.3590895e-07, 5.274292e-07, 5.2502725e-07, 5.239932e-07, 5.237245e-07, 5.236318e-07, 5.2359394e-07, 5.235837e-07, 5.23579e-07, 5.235774e-07, 5.2357683e-07, 5.2357666e-07, 5.2357655e-07, 5.2357655e-07, 0.46538442, 0.04961306, 0.0064263833, 0.0071419226, 0.001808522, 0.000172697, 0.00017881744, 0.00012667873, 2.978952e-05, 3.828436e-06, 4.5792076e-06, 2.114424e-06, 6.0363914e-07, 6.8330684e-07, 5.8225703e-07, 5.3077986e-07, 2.4420955, 0.19019186, 0.030372774, 0.008158654, 0.0029619113, 0.000781326, 0.00049432734, 0.00014753098, 6.3599655e-05, 1.4819433e-05, 8.9070945e-06, 2.4969017e-06, 1.2213774e-06, 7.8967037e-07, 6.663794e-07, 5.661108e-07, 3.380055, 2.0889308, 2.556128, 2.922805, 2.6781254, 2.1203089, 1.6725776, 0.9707927, 0.39599505, 0.13746756, 0.030647833, 0.003614851, 0.00044351767, 9.16444e-05, 5.7103785e-05, 5.5541536e-06, 1.7565271e-06, 1.0271806e-06, 5.9679894e-07, 5.944607e-07, 5.5885823e-07, 5.500496e-07, 2.9755504, 2.5809104, 2.4980476, 2.3558521, 2.0759068, 1.9711645, 2.114078, 2.4225357, 2.4830828, 1.7730787, 1.7053123, 1.6669917, 1.5359505, 1.477413, 1.4242777, 1.3767836, 1.3402351, 1.6496147, 1.5389346, 1.3915906, 1.268711, 1.2668833, 1.1639632, 1.1421447, 1.0786762, 1.1119484, 1.0264171, 1.0125605, 0.95810044, 0.9693447, 0.90483344, 0.8954388, 0.8540575, 0.8918006, 0.8366228, 0.8275093, 0.78120303, 0.7769235, 0.74971026, 0.74741596, 0.7216822, 0.7468181, 1.5182732, 0.79864484, 0.69260144, 0.6877827, 0.75173205, 0.66185415, 0.6770522, 0.69883597, 1.2443632, 0.93961793, 0.69552225, 0.6450647, 1.1436254, 0.79517794, 0.7177372, 1.0885799, 1.5309674, 1.0127906, 0.6513517, 0.6062969, 1.5323215, 1.1572279, 0.78208107, 0.59754163, 0.57724464, 0.5710948, 1.3859024, 0.562957, 0.54466414, 0.54641694, 2.4818673, 1.253375, 2.482386, 1.5541488, 1.4691863, 0.9413188, 0.5556244, 0.53780335, 0.680406, 0.5086283, 0.50575244, 0.5019549, 1.0327623, 1.0609874, 0.7333654, 0.61726093, 1.2060208, 1.9689234, 2.3500345, 1.8947171, 1.5866249, 1.1381888, 0.97540176, 0.8786783], 'scaler_samples': (array([[ 5.04333088e+01,  5.03200000e+01,  3.12563771e-02,        -7.50631073e-01,  4.66522575e+01,  3.31227841e-01,         1.20000000e-01,  3.00000000e-01],       [ 5.03129058e+01,  5.01408602e+01,  9.23660842e-01,        -4.60120023e-01,  4.54526964e+01,  3.07183990e-01,         1.12659473e-01,  2.20606872e-01],       [ 5.05379943e+01,  5.01868580e+01,  6.06300338e-01,        -1.32567842e+00,  4.44649614e+01,  2.92021383e-01,         1.09341402e-01,  2.05683331e-01],       [ 5.05023684e+01,  5.01088475e+01, -3.24884862e-01,         8.49122813e-02,  4.32841713e+01,  3.43666105e-01,         1.42885513e-01,  2.88814837e-01],       [ 5.06042188e+01,  5.04821933e+01,  5.99581023e-01,        -4.11384393e-02,  4.40555546e+01,  3.36890716e-01,         1.33544762e-01,  2.61144440e-01],       [ 5.04976873e+01,  5.01947158e+01,  3.13493663e-01,        -2.84497919e-01,  4.63517800e+01,  3.05433477e-01,         9.98361793e-02,  2.92369351e-01]]), array([-0., -0., -0., -0., -0., -0.])), 'net': {'saver_path': 'C:\\Users\\YbMinutes\\labscript-suite\\userlib\\labscriptlib\\ybclock\\analysis\\analysislib-mloop\\M-LOOP_archives\\neural_net_archive_2022-02-03_17-32_QLINOVai.ckpt'}}
