mloop_version='3.2.1'
archive_type='neural_net_learner'
num_params=8
min_boundary=array([50.3 , 50.1 , -1.  , -1.5 , 42.  ,  0.28,  0.09,  0.  ])
max_boundary=array([50.65 , 50.65 ,  1.   ,  1.   , 50.   ,  0.38 ,  0.15 ,  0.314])
start_datetime='2022-02-03_18-31'
param_names=['green_mot_frequency', 'lattice_loading_frequency', 'y_bias_field_loading', 'z_bias_field_loading', 'LS_bicolor_mot_frequency_for_green', 'LS_blue_mot_intensity', 'LS_green_mot_loading_intensity', 'LS_green_mot_intensity']
search_precision=1e-06
parameter_searches=10
bad_uncer_frac=0.1
trust_region=array([0.175, 0.275, 1.   , 1.25 , 4.   , 0.05 , 0.03 , 0.157])
has_trust_region=True
predict_global_minima_at_end=True
generation_num=3
update_hyperparameters=False
predicted_best_parameters=array([50.41025925, 50.31674103, -0.06555156, -0.79904359, 46.83734538,        0.33628354,  0.12694124,  0.314     ])
predicted_best_scaled_cost=-2.4306214
predicted_best_cost=-2.430621385574341
all_params=array([[ 5.04333088e+01,  5.03200000e+01,  3.12563771e-02,        -7.50631073e-01,  4.66522575e+01,  3.31227841e-01,         1.20000000e-01,  3.00000000e-01],       [ 5.03340706e+01,  5.04630299e+01,  7.00388639e-01,        -5.38927735e-02,  4.91697745e+01,  2.99322835e-01,         1.35588694e-01,  2.43529720e-01],       [ 5.05279270e+01,  5.03610126e+01,  4.05597808e-01,        -1.20596864e+00,  4.46473448e+01,  3.61677176e-01,         1.42414779e-01,  1.66365912e-01],       [ 5.03353415e+01,  5.02828141e+01, -3.51226109e-01,        -1.23996916e+00,  4.47717318e+01,  3.12875772e-01,         1.05357034e-01,  2.50482333e-01],       [ 5.04420016e+01,  5.03125992e+01, -5.89177060e-01,         4.68366980e-01,  4.61612861e+01,  3.14393769e-01,         1.42243726e-01,  1.88918152e-01],       [ 5.05240426e+01,  5.03338389e+01, -4.09817232e-01,         3.25735361e-01,  4.90978884e+01,  3.30159385e-01,         9.02992203e-02,  2.02809589e-01],       [ 5.04496138e+01,  5.01880484e+01, -4.89334789e-01,        -1.50000000e+00,  4.78869796e+01,  3.71539912e-01,         1.02820522e-01,  3.14000000e-01],       [ 5.04717858e+01,  5.03086586e+01,  7.70425293e-02,        -1.50000000e+00,  5.00000000e+01,  3.40455792e-01,         1.44269325e-01,  3.14000000e-01],       [ 5.03000000e+01,  5.01999532e+01, -9.68743623e-01,         4.99368927e-01,  5.00000000e+01,  2.93989653e-01,         1.50000000e-01,  2.95262958e-01],       [ 5.04843119e+01,  5.04973109e+01, -8.19141740e-01,        -4.29145299e-01,  4.89937245e+01,  3.04286070e-01,         1.13075474e-01,  2.66506584e-01],       [ 5.04313890e+01,  5.03255008e+01,  2.81187909e-01,        -6.29028989e-01,  4.62652036e+01,  3.27368119e-01,         1.18002278e-01,  3.14000000e-01],       [ 5.04212737e+01,  5.01000000e+01,  1.00000000e+00,        -1.65689376e-01,  5.00000000e+01,  3.18261609e-01,         1.50000000e-01,  1.43000000e-01],       [ 5.03000000e+01,  5.01753939e+01, -1.93289709e-01,         4.99368927e-01,  5.00000000e+01,  3.10737057e-01,         1.50000000e-01,  2.41276097e-01],       [ 5.05490310e+01,  5.01199506e+01,  3.81711962e-01,        -6.34538339e-02,  4.43383018e+01,  3.68680003e-01,         1.12127575e-01,  3.07117084e-01],       [ 5.04866942e+01,  5.03318072e+01, -6.80054905e-02,        -1.01197444e+00,  4.67750096e+01,  3.15869843e-01,         1.20022203e-01,  2.74011630e-01],       [ 5.04142359e+01,  5.03190826e+01, -7.00153611e-01,        -1.50000000e+00,  4.58934920e+01,  3.26228586e-01,         1.24745167e-01,  3.14000000e-01],       [ 5.04539226e+01,  5.03364211e+01, -1.28038465e-01,        -1.11449439e+00,  4.72995061e+01,  3.36097327e-01,         1.13490084e-01,  3.14000000e-01]])
all_costs=array([-3.75867748, -0.        , -0.        , -0.        , -0.        ,       -0.        , -0.        , -0.        , -0.        , -0.        ,       -0.        , -0.        , -0.        , -0.        , -0.        ,       -0.        , -0.        ])
all_uncers=array([1.e-08, 1.e-08, 1.e-08, 1.e-08, 1.e-08, 1.e-08, 1.e-08, 1.e-08,       1.e-08, 1.e-08, 1.e-08, 1.e-08, 1.e-08, 1.e-08, 1.e-08, 1.e-08,       1.e-08])
bad_run_indexs=[]
best_cost=-3.7586774782272774
best_params=array([ 5.04333088e+01,  5.03200000e+01,  3.12563771e-02, -7.50631073e-01,        4.66522575e+01,  3.31227841e-01,  1.20000000e-01,  3.00000000e-01])
best_index=0
worst_cost=-0.0
worst_index=1
cost_range=3.7586774782272774
costs_count=17
params_count=12
cost_scaler_init_index=6
net_0={'last_hyperfit': 0, 'last_net_reg': 1e-08, 'regularization_history': [1e-08], 'losses_list': [0.807889, 0.057838384, 0.033241387, 0.014145114, 0.0020097394, 0.0014023439, 0.0007930856, 0.0001067042, 5.2123793e-05, 3.758324e-05, 1.0016627e-05, 2.0118061e-06, 1.30745e-06, 8.832134e-07, 7.071391e-07, 6.111752e-07, 5.568435e-07, 5.439635e-07, 5.378095e-07, 5.3632914e-07, 5.36126e-07, 5.360552e-07, 5.359991e-07, 5.359839e-07, 5.359804e-07, 5.359771e-07, 5.359759e-07, 5.3597597e-07, 5.359758e-07, 5.3597586e-07, 0.8232699, 0.18716556, 0.013473391, 0.014464996, 0.0031797367, 0.0017860162, 0.00041005283, 0.00028868168, 4.5789217e-05, 2.5502817e-05, 8.508483e-06, 2.5473335e-06, 1.8902549e-06, 7.124196e-07, 7.0316565e-07, 5.810335e-07, 5.5168323e-07, 5.4080317e-07, 0.86841106, 0.22903721, 0.13244157, 0.030641489, 0.0073078293, 0.004899912, 0.00048680778, 0.00049924635, 0.00014729297, 2.4149325e-05, 2.9341481e-05, 1.6834432e-06, 4.0080977e-06, 9.3752874e-07, 8.1648955e-07, 6.447783e-07, 5.566003e-07, 5.562206e-07, 0.5739828, 0.3384367, 0.19590896, 0.123677626, 0.077269055, 0.033871893, 0.0084733525, 0.009690649, 0.083477676, 0.004360425, 0.002528337, 0.0009911461, 0.000127106, 8.6460655e-05, 4.486804e-05, 3.2649114e-05], 'scaler_samples': (array([[ 5.04333088e+01,  5.03200000e+01,  3.12563771e-02,        -7.50631073e-01,  4.66522575e+01,  3.31227841e-01,         1.20000000e-01,  3.00000000e-01],       [ 5.03340706e+01,  5.04630299e+01,  7.00388639e-01,        -5.38927735e-02,  4.91697745e+01,  2.99322835e-01,         1.35588694e-01,  2.43529720e-01],       [ 5.05279270e+01,  5.03610126e+01,  4.05597808e-01,        -1.20596864e+00,  4.46473448e+01,  3.61677176e-01,         1.42414779e-01,  1.66365912e-01],       [ 5.03353415e+01,  5.02828141e+01, -3.51226109e-01,        -1.23996916e+00,  4.47717318e+01,  3.12875772e-01,         1.05357034e-01,  2.50482333e-01],       [ 5.04420016e+01,  5.03125992e+01, -5.89177060e-01,         4.68366980e-01,  4.61612861e+01,  3.14393769e-01,         1.42243726e-01,  1.88918152e-01],       [ 5.05240426e+01,  5.03338389e+01, -4.09817232e-01,         3.25735361e-01,  4.90978884e+01,  3.30159385e-01,         9.02992203e-02,  2.02809589e-01]]), array([-3.75867748, -0.        , -0.        , -0.        , -0.        ,       -0.        ])), 'net': {'saver_path': 'C:\\Users\\YbMinutes\\labscript-suite\\userlib\\labscriptlib\\ybclock\\analysis\\analysislib-mloop\\M-LOOP_archives\\neural_net_archive_2022-02-03_18-31_X_8tnyDH.ckpt'}}
net_1={'last_hyperfit': 0, 'last_net_reg': 1e-08, 'regularization_history': [1e-08], 'losses_list': [6.450223, 0.80310905, 0.14915659, 0.040044673, 0.013394443, 0.002549356, 0.0021451334, 0.00066985056, 0.00034314516, 7.5023854e-05, 4.9243572e-05, 1.208745e-05, 5.1891593e-06, 1.7794448e-06, 1.3097906e-06, 7.265852e-07, 6.262949e-07, 5.5030836e-07, 5.358811e-07, 5.3276585e-07, 5.3212085e-07, 5.320881e-07, 5.3174745e-07, 5.316698e-07, 5.316171e-07, 5.316078e-07, 5.3160437e-07, 5.316029e-07, 5.316026e-07, 5.3160255e-07, 2.964962, 0.54627985, 0.08820082, 0.01701468, 0.009823555, 0.001402727, 0.0016257932, 0.00018995817, 0.00015908973, 3.7059126e-05, 1.6759406e-05, 3.5780693e-06, 3.4114914e-06, 7.9931607e-07, 8.4876683e-07, 5.9926487e-07, 5.675146e-07, 5.3897634e-07, 1.2488267, 0.33324003, 0.2220105, 0.14153413, 0.048186596, 0.0030925365, 0.003085683, 0.0014612211, 4.889531e-05, 0.0002013685, 2.6908794e-05, 1.2458295e-05, 9.143706e-06, 9.4988934e-07, 1.5163499e-06, 7.0948295e-07, 5.8021084e-07, 5.8408216e-07, 0.9142734, 0.37623587, 0.28255323, 0.5829753], 'scaler_samples': (array([[ 5.04333088e+01,  5.03200000e+01,  3.12563771e-02,        -7.50631073e-01,  4.66522575e+01,  3.31227841e-01,         1.20000000e-01,  3.00000000e-01],       [ 5.03340706e+01,  5.04630299e+01,  7.00388639e-01,        -5.38927735e-02,  4.91697745e+01,  2.99322835e-01,         1.35588694e-01,  2.43529720e-01],       [ 5.05279270e+01,  5.03610126e+01,  4.05597808e-01,        -1.20596864e+00,  4.46473448e+01,  3.61677176e-01,         1.42414779e-01,  1.66365912e-01],       [ 5.03353415e+01,  5.02828141e+01, -3.51226109e-01,        -1.23996916e+00,  4.47717318e+01,  3.12875772e-01,         1.05357034e-01,  2.50482333e-01],       [ 5.04420016e+01,  5.03125992e+01, -5.89177060e-01,         4.68366980e-01,  4.61612861e+01,  3.14393769e-01,         1.42243726e-01,  1.88918152e-01],       [ 5.05240426e+01,  5.03338389e+01, -4.09817232e-01,         3.25735361e-01,  4.90978884e+01,  3.30159385e-01,         9.02992203e-02,  2.02809589e-01]]), array([-3.75867748, -0.        , -0.        , -0.        , -0.        ,       -0.        ])), 'net': {'saver_path': 'C:\\Users\\YbMinutes\\labscript-suite\\userlib\\labscriptlib\\ybclock\\analysis\\analysislib-mloop\\M-LOOP_archives\\neural_net_archive_2022-02-03_18-31_ixjTl8Ez.ckpt'}}
net_2={'last_hyperfit': 0, 'last_net_reg': 1e-08, 'regularization_history': [1e-08], 'losses_list': [0.9636794, 0.06462202, 0.0098758405, 0.019424167, 0.0044494225, 0.00015037629, 0.0008346415, 0.0002672561, 9.7534445e-05, 3.9941424e-06, 5.8917235e-06, 3.5642597e-06, 1.5141657e-06, 1.1025262e-06, 8.1328506e-07, 6.358526e-07, 5.6736775e-07, 5.458693e-07, 5.3937396e-07, 5.371687e-07, 5.3635836e-07, 5.360884e-07, 5.360026e-07, 5.359679e-07, 5.359573e-07, 5.3595295e-07, 5.3595164e-07, 5.3595176e-07, 5.3595113e-07, 5.35951e-07, 0.24236904, 0.03640031, 0.016712476, 0.0034960946, 0.00042777244, 0.00016274946, 9.212171e-05, 5.3273827e-05, 2.4300052e-05, 7.779563e-06, 3.2298606e-06, 1.4877073e-06, 9.911139e-07, 7.025728e-07, 5.79191e-07, 5.4773756e-07, 1.2271541, 0.31371182, 0.044656236, 0.019757256, 0.0043202313, 0.0023858706, 0.0004942072, 0.0002337574, 3.6996105e-05, 3.603908e-05, 6.817184e-06, 5.1119523e-06, 1.6128554e-06, 9.836849e-07, 7.216522e-07, 5.665801e-07, 0.59120286, 0.3288767, 0.26665598, 0.1361111, 0.05499372, 0.044366594, 0.007476546, 0.0013486239, 0.0018035513, 0.0010031407, 0.0001987181, 0.00028134097], 'scaler_samples': (array([[ 5.04333088e+01,  5.03200000e+01,  3.12563771e-02,        -7.50631073e-01,  4.66522575e+01,  3.31227841e-01,         1.20000000e-01,  3.00000000e-01],       [ 5.03340706e+01,  5.04630299e+01,  7.00388639e-01,        -5.38927735e-02,  4.91697745e+01,  2.99322835e-01,         1.35588694e-01,  2.43529720e-01],       [ 5.05279270e+01,  5.03610126e+01,  4.05597808e-01,        -1.20596864e+00,  4.46473448e+01,  3.61677176e-01,         1.42414779e-01,  1.66365912e-01],       [ 5.03353415e+01,  5.02828141e+01, -3.51226109e-01,        -1.23996916e+00,  4.47717318e+01,  3.12875772e-01,         1.05357034e-01,  2.50482333e-01],       [ 5.04420016e+01,  5.03125992e+01, -5.89177060e-01,         4.68366980e-01,  4.61612861e+01,  3.14393769e-01,         1.42243726e-01,  1.88918152e-01],       [ 5.05240426e+01,  5.03338389e+01, -4.09817232e-01,         3.25735361e-01,  4.90978884e+01,  3.30159385e-01,         9.02992203e-02,  2.02809589e-01]]), array([-3.75867748, -0.        , -0.        , -0.        , -0.        ,       -0.        ])), 'net': {'saver_path': 'C:\\Users\\YbMinutes\\labscript-suite\\userlib\\labscriptlib\\ybclock\\analysis\\analysislib-mloop\\M-LOOP_archives\\neural_net_archive_2022-02-03_18-31_c-frxyQI.ckpt'}}
