mloop_version='3.2.1'
archive_type='gaussian_process_learner'
num_params=1
min_boundary=array([0.])
max_boundary=array([2.])
start_datetime='2022-01-24_12-12'
param_names=['LS_blue_mot_duration']
search_precision=1e-06
parameter_searches=10
bad_uncer_frac=0.1
trust_region=array([1.])
has_trust_region=True
predict_global_minima_at_end=True
cost_has_noise=True
length_scale_history=[array([0.81653533]), array([1.85790077]), array([2.06964609]), array([2.15654171]), array([2.18305789]), array([2.24138272]), array([2.19799265]), array([2.22365807]), array([2.16098421]), array([2.1597885])]
length_scale_bounds=array([1.e-05, 1.e+05])
noise_level_history=[0.0006494338633976366, 0.0008309659984530014, 0.0008365799293601197, 0.0007872013281989014, 0.0007048288644266561, 0.0013450265227540866, 0.0012951512491937076, 0.0013312252024120655, 0.0014138103765726157, 0.0014455679154726307]
noise_level_bounds=nan
bias_func_cycle=4
bias_func_cost_factor=[1.0, 1.0, 1.0, 1.0]
bias_func_uncer_factor=[0.0, 1.0, 2.0, 3.0]
generation_num=4
update_hyperparameters=True
hyperparameter_searches=10
scaler_samples=None
all_params=array([[1.        ],       [0.59609213],       [1.1251538 ],       [0.80275425],       [1.64715161],       [1.72851272],       [0.7877375 ],       [0.87954019],       [1.37271721],       [1.94217226],       [1.85789691],       [1.12164917],       [1.3459722 ],       [1.06660431],       [1.49282785],       [1.64351307],       [1.82345808],       [1.82528536],       [1.82727119],       [1.82175631],       [0.61560749],       [2.        ],       [2.        ],       [2.        ],       [2.        ],       [0.22530763],       [2.        ],       [2.        ],       [2.        ],       [2.        ],       [0.45317393],       [2.        ],       [2.        ],       [2.        ],       [2.        ],       [0.61109947],       [2.        ],       [2.        ],       [2.        ],       [2.        ],       [0.73976886],       [2.        ],       [2.        ],       [2.        ],       [2.        ],       [0.13536506],       [2.        ],       [2.        ],       [2.        ],       [2.        ],       [0.42041758],       [2.        ],       [2.        ],       [2.        ],       [2.        ],       [1.95367193],       [2.        ]])
all_costs=array([-1.23626648, -1.11288229, -1.29194989, -1.17659475, -1.43635241,       -1.50950638, -1.16183073, -1.12354273, -1.30857255, -1.47262405,       -1.51560238, -1.26402383, -1.32615185, -1.25934615, -1.37407585,       -1.48105891, -1.47602199, -1.46871473, -1.49634398, -1.50518135,       -1.09351482, -1.50358671, -1.55130665, -1.57798661, -1.53450598,       -1.00753145, -1.49566049, -1.5115781 , -1.49704418, -1.51817853,       -1.07719691, -1.54779421, -1.5314021 , -1.52446628, -1.5504931 ,       -1.10611115, -1.58910503, -1.57615133, -1.6861375 , -1.54986296,       -1.12751122, -1.50489529, -1.48987628, -1.51760368, -1.52870797,       -0.99947613, -1.58369205, -1.56248807, -1.53017952, -1.46427375,       -1.07527823, -1.50414546, -1.52163741, -1.53306615, -1.43800054,       -1.47439526, -1.4828348 ])
all_uncers=array([1.e-08, 1.e-08, 1.e-08, 1.e-08, 1.e-08, 1.e-08, 1.e-08, 1.e-08,       1.e-08, 1.e-08, 1.e-08, 1.e-08, 1.e-08, 1.e-08, 1.e-08, 1.e-08,       1.e-08, 1.e-08, 1.e-08, 1.e-08, 1.e-08, 1.e-08, 1.e-08, 1.e-08,       1.e-08, 1.e-08, 1.e-08, 1.e-08, 1.e-08, 1.e-08, 1.e-08, 1.e-08,       1.e-08, 1.e-08, 1.e-08, 1.e-08, 1.e-08, 1.e-08, 1.e-08, 1.e-08,       1.e-08, 1.e-08, 1.e-08, 1.e-08, 1.e-08, 1.e-08, 1.e-08, 1.e-08,       1.e-08, 1.e-08, 1.e-08, 1.e-08, 1.e-08, 1.e-08, 1.e-08, 1.e-08,       1.e-08])
bad_run_indexs=[]
best_cost=-1.6861375005254529
best_params=array([2.])
best_index=38
worst_cost=-0.9994761280363826
worst_index=45
cost_range=0.6866613724890702
costs_count=57
params_count=36
fit_count=10
length_scale=array([2.1597885])
noise_level=0.0014455679154726307
predicted_best_parameters=array([2.])
predicted_best_scaled_cost=array([-1.04122765])
predicted_best_scaled_uncertainty=array([0.39078683])
predicted_best_cost=array([-1.59306206])
predicted_best_uncertainty=array([0.06874307])
