mloop_version='3.2.1'
archive_type='neural_net_learner'
num_params=8
min_boundary=array([50.3 , 50.1 , -1.  , -1.5 , 42.  ,  0.28,  0.09,  0.  ])
max_boundary=array([50.65 , 50.65 ,  1.   ,  1.   , 50.   ,  0.38 ,  0.15 ,  0.314])
start_datetime='2022-02-03_17-14'
param_names=['green_mot_frequency', 'lattice_loading_frequency', 'y_bias_field_loading', 'z_bias_field_loading', 'LS_bicolor_mot_frequency_for_green', 'LS_blue_mot_intensity', 'LS_green_mot_loading_intensity', 'LS_green_mot_intensity']
search_precision=1e-06
parameter_searches=10
bad_uncer_frac=0.1
trust_region=array([0.175, 0.275, 1.   , 1.25 , 4.   , 0.05 , 0.03 , 0.157])
has_trust_region=True
predict_global_minima_at_end=True
generation_num=3
update_hyperparameters=False
predicted_best_parameters=array([50.34425658, 50.47407738,  0.55932189, -1.0897744 , 45.11035163,        0.33006874,  0.1182345 ,  0.314     ])
predicted_best_scaled_cost=-8.470744
predicted_best_cost=-8.470744132995605
all_params=array([[ 5.04333088e+01,  5.03200000e+01,  3.12563771e-02,        -7.50631073e-01,  4.66522575e+01,  3.31227841e-01,         1.20000000e-01,  3.00000000e-01],       [ 5.04911634e+01,  5.05818019e+01,  8.84564554e-01,        -6.04039667e-01,  4.70100166e+01,  2.95803199e-01,         9.74407120e-02,  2.16572408e-01],       [ 5.04217698e+01,  5.04763101e+01, -3.84510632e-02,        -3.80932084e-01,  4.56673875e+01,  3.29004760e-01,         1.43563776e-01,  2.48648092e-01],       [ 5.05881461e+01,  5.04613481e+01,  7.16299083e-01,         3.16781145e-01,  4.83504106e+01,  3.63885927e-01,         1.11529824e-01,  2.57926955e-01],       [ 5.04368278e+01,  5.04052586e+01, -7.43182668e-01,        -7.50368287e-01,  4.98137713e+01,  3.76430535e-01,         1.01086822e-01,  2.71192573e-01],       [ 5.03322473e+01,  5.02464925e+01,  9.28150326e-01,        -8.04509473e-01,  4.38643366e+01,  3.67738369e-01,         1.17142940e-01,  2.46597588e-01],       [ 5.04071423e+01,  5.03371221e+01,  5.01291639e-01,        -6.38304525e-01,  4.93634121e+01,  3.59995942e-01,         1.16327965e-01,  2.51827246e-01],       [ 5.05266851e+01,  5.03299912e+01,  8.72307003e-01,         1.37264946e-01,  4.73101337e+01,  2.82777625e-01,         9.54079346e-02,  1.86091723e-01],       [ 5.03769954e+01,  5.03493912e+01, -7.45150164e-01,        -9.00252065e-01,  4.59718826e+01,  3.32634509e-01,         9.08435427e-02,  2.25241560e-01],       [ 5.04376784e+01,  5.03693519e+01,  5.35832438e-01,        -4.36082768e-01,  4.56207881e+01,  3.56867396e-01,         1.38485060e-01,  2.40542758e-01],       [ 5.04146123e+01,  5.02914400e+01, -9.66882191e-01,        -8.42189143e-01,  4.55908226e+01,  3.38781214e-01,         1.33618579e-01,  2.94339189e-01],       [ 5.04314129e+01,  5.02898462e+01, -6.72651697e-01,        -9.48417221e-01,  4.83288304e+01,  3.19774213e-01,         1.11022011e-01,  1.98324804e-01],       [ 5.05281253e+01,  5.05685528e+01,  1.83298443e-01,         1.68637238e-01,  4.54614929e+01,  3.64981979e-01,         1.24022635e-01,  3.08480432e-01],       [ 5.04119579e+01,  5.04476111e+01, -8.86855056e-01,         3.85784448e-01,  4.69134336e+01,  3.37638911e-01,         1.40968218e-01,  2.34188139e-01],       [ 5.05937090e+01,  5.03300489e+01,  5.63177490e-01,         4.41277198e-01,  4.39283237e+01,  3.71144091e-01,         1.24316242e-01,  2.07669842e-01],       [ 5.04718334e+01,  5.03906801e+01,  4.40025727e-01,        -7.16237251e-01,  4.58466688e+01,  3.34730350e-01,         1.46475767e-01,  1.56875500e-01],       [ 5.06070410e+01,  5.02211247e+01,  6.17653225e-01,        -3.30175995e-01,  4.68076497e+01,  3.45848142e-01,         9.90321287e-02,  2.35593249e-01],       [ 5.03474941e+01,  5.04814829e+01, -7.05927083e-01,        -8.01471604e-01,  4.73993137e+01,  3.01594752e-01,         1.33855031e-01,  2.21395925e-01],       [ 5.05694439e+01,  5.01444892e+01,  1.70362941e-01,         9.18891486e-02,  4.57111414e+01,  3.49979500e-01,         1.25998804e-01,  2.47333635e-01],       [ 5.03323147e+01,  5.01156813e+01,  4.47780895e-02,        -1.39495906e+00,  4.88390065e+01,  3.08617322e-01,         1.47897179e-01,  1.46061130e-01],       [ 5.05823286e+01,  5.05927090e+01,  8.93312322e-01,        -1.35526730e+00,  4.55715844e+01,  3.17341543e-01,         1.32963781e-01,  1.47910014e-01],       [ 5.05224670e+01,  5.04188836e+01, -3.02571596e-01,         3.16583383e-01,  4.80011595e+01,  3.29709676e-01,         9.40006770e-02,  1.90146080e-01],       [ 5.05473106e+01,  5.01011459e+01, -5.09642622e-02,        -6.92398154e-01,  4.95140130e+01,  3.38064361e-01,         1.11356933e-01,  1.91265628e-01],       [ 5.04599829e+01,  5.02344637e+01, -1.00973724e-02,         2.41370640e-01,  4.57860883e+01,  3.46231268e-01,         1.36898747e-01,  2.07435938e-01],       [ 5.05250562e+01,  5.01831447e+01, -6.65872000e-01,         8.19732327e-02,  4.27528308e+01,  3.33141317e-01,         1.01279835e-01,  2.90891926e-01],       [ 5.03587456e+01,  5.02359913e+01, -7.68797745e-01,        -1.06491173e+00,  4.64735176e+01,  2.95258583e-01,         1.03875984e-01,  2.52955895e-01],       [ 5.03356239e+01,  5.01405287e+01,  3.32701315e-01,        -7.85397355e-01,  4.98931325e+01,  2.88421458e-01,         1.26087624e-01,  2.72677518e-01],       [ 5.06025686e+01,  5.03381995e+01,  5.02434657e-01,         2.38991098e-01,  4.52815613e+01,  3.07676798e-01,         1.39764315e-01,  2.04429124e-01],       [ 5.04119176e+01,  5.05482223e+01,  7.56130776e-01,         2.57918499e-02,  4.50046143e+01,  3.52752559e-01,         9.41564638e-02,  2.10941041e-01],       [ 5.06023473e+01,  5.02591156e+01, -6.24386309e-01,         2.55649451e-02,  4.57960855e+01,  3.45236609e-01,         1.38271361e-01,  1.63730975e-01],       [ 5.04707348e+01,  5.02270280e+01,  2.75727439e-01,        -5.94184834e-01,  4.87686805e+01,  2.91546881e-01,         1.06381621e-01,  2.55785878e-01],       [ 5.05058037e+01,  5.01237936e+01,  6.32776727e-01,        -6.46855717e-01,  4.81253807e+01,  3.02535104e-01,         1.20942958e-01,  2.15117199e-01],       [ 5.06062565e+01,  5.03604199e+01, -5.71919976e-01,         7.79875375e-02,  4.76163836e+01,  3.79593394e-01,         9.98073052e-02,  2.61145793e-01],       [ 5.04449232e+01,  5.05608236e+01,  6.01315620e-01,         9.08372225e-02,  4.32576559e+01,  3.27483474e-01,         1.00553684e-01,  1.64488235e-01],       [ 5.05645433e+01,  5.03954559e+01,  8.70431921e-01,        -9.39256321e-01,  4.49134829e+01,  2.83363590e-01,         1.38019505e-01,  2.30402947e-01],       [ 5.04183746e+01,  5.03460095e+01, -7.42459873e-01,         4.20387223e-01,  4.98002664e+01,  3.10407479e-01,         1.30001886e-01,  3.08760879e-01],       [ 5.04014549e+01,  5.02892164e+01,  1.56930707e-01,        -1.50000000e+00,  4.75756963e+01,  3.33632354e-01,         1.17256936e-01,  3.14000000e-01],       [ 5.04600427e+01,  5.03593860e+01,  3.58809451e-02,        -9.44228083e-01,  4.74343689e+01,  3.22113391e-01,         1.26120032e-01,  3.14000000e-01],       [ 5.05051215e+01,  5.02859045e+01,  2.63600212e-01,        -6.08531925e-01,  4.73276446e+01,  3.49047061e-01,         1.31650861e-01,  3.14000000e-01],       [ 5.03846607e+01,  5.03374708e+01,  6.94943802e-01,        -1.00809018e+00,  4.93951856e+01,  3.14879045e-01,         1.21209660e-01,  2.42616333e-01],       [ 5.04069934e+01,  5.03297921e+01, -1.60702322e-02,        -6.18513434e-01,  4.62642349e+01,  3.37343503e-01,         1.16745126e-01,  3.14000000e-01],       [ 5.04030995e+01,  5.02433290e+01, -8.69660425e-02,        -6.76092222e-01,  4.59504769e+01,  3.30784595e-01,         1.11899305e-01,  3.14000000e-01],       [ 5.03956162e+01,  5.02684341e+01, -5.61391040e-03,        -6.95036210e-01,  4.56832426e+01,  3.30613789e-01,         1.12577400e-01,  3.14000000e-01],       [ 5.05793628e+01,  5.04668724e+01,  4.27761719e-01,         3.56566403e-01,  4.69978365e+01,  2.96918619e-01,         1.09281801e-01,  2.83717450e-01],       [ 5.04478759e+01,  5.03074444e+01,  1.55128621e-01,        -8.40141124e-01,  4.66122749e+01,  3.30450797e-01,         1.22308890e-01,  2.88651865e-01],       [ 5.04658086e+01,  5.03501291e+01, -8.34646836e-02,        -7.25594936e-01,  4.65454173e+01,  3.22308872e-01,         1.13964835e-01,  3.14000000e-01],       [ 5.04520430e+01,  5.03589039e+01,  9.12208090e-02,        -6.86338147e-01,  4.68359564e+01,  3.26207251e-01,         1.17572177e-01,  3.01882665e-01],       [ 5.05216068e+01,  5.01811047e+01,  9.19301874e-01,        -4.92879178e-01,  4.42720386e+01,  3.66454745e-01,         1.02458986e-01,  2.79400129e-01],       [ 5.03792474e+01,  5.03566894e+01,  2.10544629e-01,        -1.02871880e+00,  4.66188351e+01,  3.32953850e-01,         1.28832333e-01,  3.14000000e-01],       [ 5.04199803e+01,  5.02865432e+01, -3.55093092e-02,        -8.31940883e-01,  4.66594423e+01,  3.31023114e-01,         1.21797166e-01,  3.09209969e-01],       [ 5.04011328e+01,  5.03134512e+01, -4.42195750e-03,        -8.13128244e-01,  4.69831093e+01,  3.29616507e-01,         1.20977094e-01,  3.03234061e-01],       [ 5.05609302e+01,  5.05405900e+01, -4.81918875e-01,         3.76526022e-01,  4.90475542e+01,  3.20354980e-01,         1.02527859e-01,  2.55794380e-01],       [ 5.04438498e+01,  5.03918051e+01,  3.33363058e-01,        -5.02009613e-01,  4.57366808e+01,  3.41206345e-01,         1.20641936e-01,  3.14000000e-01],       [ 5.04519529e+01,  5.03419751e+01, -8.56591499e-02,        -7.86068670e-01,  4.63440953e+01,  3.32898048e-01,         1.15870629e-01,  2.96116767e-01],       [ 5.04572890e+01,  5.03332759e+01, -6.95405371e-03,        -6.97210511e-01,  4.62993192e+01,  3.36321725e-01,         1.17765324e-01,  3.00743076e-01],       [ 5.03941813e+01,  5.03988411e+01, -7.30392825e-01,        -1.37957618e-01,  4.62141584e+01,  2.91075274e-01,         1.04892246e-01,  1.99825408e-01],       [ 5.04259648e+01,  5.03216726e+01,  1.50595033e-01,        -6.10265593e-01,  4.70913964e+01,  3.26808980e-01,         1.20718296e-01,  3.00923597e-01],       [ 5.04285963e+01,  5.03141420e+01,  6.95601313e-02,        -6.28575335e-01,  4.69462947e+01,  3.30916302e-01,         1.19710734e-01,  3.00653357e-01],       [ 5.04369462e+01,  5.03095488e+01,  1.11820311e-01,        -6.44447136e-01,  4.68931281e+01,  3.28046524e-01,         1.18062620e-01,  3.01399555e-01],       [ 5.03749249e+01,  5.05937903e+01,  1.91420244e-01,        -8.12512853e-01,  4.94879535e+01,  3.64722168e-01,         1.18609169e-01,  2.22660385e-01]])
all_costs=array([-0.1216196, -0.       , -0.       , -0.       , -0.       ,       -0.       , -0.       , -0.       , -0.       , -0.       ,       -0.       , -0.       , -0.       , -0.       , -0.       ,       -0.       , -0.       , -0.       , -0.       , -0.       ,       -0.       , -0.       , -0.       , -0.       , -0.       ,       -0.       , -0.       , -0.       , -0.       , -0.       ,       -0.       , -0.       , -0.       , -0.       , -0.       ,       -0.       , -0.       , -0.       , -0.       , -0.       ,       -0.       , -0.       , -0.       , -0.       , -0.       ,       -0.       , -0.       , -0.       , -0.       , -0.       ,       -0.       , -0.       , -0.       , -0.       , -0.       ,       -0.       , -0.       , -0.       , -0.       , -0.       ])
all_uncers=array([1.e-08, 1.e-08, 1.e-08, 1.e-08, 1.e-08, 1.e-08, 1.e-08, 1.e-08,       1.e-08, 1.e-08, 1.e-08, 1.e-08, 1.e-08, 1.e-08, 1.e-08, 1.e-08,       1.e-08, 1.e-08, 1.e-08, 1.e-08, 1.e-08, 1.e-08, 1.e-08, 1.e-08,       1.e-08, 1.e-08, 1.e-08, 1.e-08, 1.e-08, 1.e-08, 1.e-08, 1.e-08,       1.e-08, 1.e-08, 1.e-08, 1.e-08, 1.e-08, 1.e-08, 1.e-08, 1.e-08,       1.e-08, 1.e-08, 1.e-08, 1.e-08, 1.e-08, 1.e-08, 1.e-08, 1.e-08,       1.e-08, 1.e-08, 1.e-08, 1.e-08, 1.e-08, 1.e-08, 1.e-08, 1.e-08,       1.e-08, 1.e-08, 1.e-08, 1.e-08])
bad_run_indexs=[]
best_cost=-0.12161959536402134
best_params=array([ 5.04333088e+01,  5.03200000e+01,  3.12563771e-02, -7.50631073e-01,        4.66522575e+01,  3.31227841e-01,  1.20000000e-01,  3.00000000e-01])
best_index=0
worst_cost=-0.0
worst_index=1
cost_range=0.12161959536402134
costs_count=60
params_count=21
cost_scaler_init_index=36
net_0={'last_hyperfit': 0, 'last_net_reg': 1e-08, 'regularization_history': [1e-08], 'losses_list': [1.3529377, 0.41058636, 0.026319487, 0.010292129, 0.0008290654, 0.00013844407, 2.9608924e-05, 1.1482902e-05, 2.1292913e-06, 2.1619792e-06, 3.902596e-06, 3.3701701e-06, 3.5626501e-06, 1.5255362e-06, 4.6836476e-06, 0.00012478032, 0.0004428048, 0.007497279, 0.015046595, 0.0015367031, 0.811227, 0.2462619, 0.0063937777, 0.00035901312, 4.7689482e-05, 1.3283526e-05, 2.3126595e-06, 7.959009e-07, 5.428211e-07, 5.359796e-07, 1.2620724, 0.37998888, 0.05857013, 0.0020898501, 0.00019063178, 9.7161945e-05, 4.5345474e-05, 2.994769e-05, 2.2121665e-05, 1.5650578e-05, 1.1578698e-05, 8.308032e-06, 5.911029e-06, 4.039035e-06, 1.0287279, 0.4543543, 0.31167704, 0.04690801, 0.0068702167, 0.011533509, 0.00039705285, 0.00046841992, 0.00036787754, 1.29266255e-05, 2.1896456e-06, 1.3175066e-06, 9.290221e-07, 7.482697e-07, 2.275952, 0.38254666, 0.13198762, 0.010533088, 0.001631242, 0.0046971063, 0.00042880568, 0.00035860646, 0.00053607166, 0.00058864197, 0.00021121015, 9.251802e-05, 0.00018773356, 6.023852e-05, 0.54204845, 0.35449705, 0.06262406, 0.0045041074, 0.00094526017, 0.0005013202, 0.00029763713, 0.00025995958, 0.00012509096, 9.356531e-05, 5.7342677e-05, 4.114978e-05, 3.6592253e-05, 2.6118607e-05, 0.6372804, 0.5206223, 0.4179283, 0.34432688, 0.23822047, 0.047151197, 0.016454363, 0.074047215, 0.0032219281, 0.00037083586, 0.000109805325, 0.000112156114, 3.0021267e-05, 0.00021265584, 0.0032417206, 4.036256e-05, 9.189926e-06, 5.2843016e-06, 2.6292828e-06, 2.140343e-06], 'scaler_samples': (array([[ 5.04333088e+01,  5.03200000e+01,  3.12563771e-02,        -7.50631073e-01,  4.66522575e+01,  3.31227841e-01,         1.20000000e-01,  3.00000000e-01],       [ 5.04911634e+01,  5.05818019e+01,  8.84564554e-01,        -6.04039667e-01,  4.70100166e+01,  2.95803199e-01,         9.74407120e-02,  2.16572408e-01],       [ 5.04217698e+01,  5.04763101e+01, -3.84510632e-02,        -3.80932084e-01,  4.56673875e+01,  3.29004760e-01,         1.43563776e-01,  2.48648092e-01],       [ 5.05881461e+01,  5.04613481e+01,  7.16299083e-01,         3.16781145e-01,  4.83504106e+01,  3.63885927e-01,         1.11529824e-01,  2.57926955e-01],       [ 5.04368278e+01,  5.04052586e+01, -7.43182668e-01,        -7.50368287e-01,  4.98137713e+01,  3.76430535e-01,         1.01086822e-01,  2.71192573e-01],       [ 5.03322473e+01,  5.02464925e+01,  9.28150326e-01,        -8.04509473e-01,  4.38643366e+01,  3.67738369e-01,         1.17142940e-01,  2.46597588e-01],       [ 5.04071423e+01,  5.03371221e+01,  5.01291639e-01,        -6.38304525e-01,  4.93634121e+01,  3.59995942e-01,         1.16327965e-01,  2.51827246e-01],       [ 5.05266851e+01,  5.03299912e+01,  8.72307003e-01,         1.37264946e-01,  4.73101337e+01,  2.82777625e-01,         9.54079346e-02,  1.86091723e-01],       [ 5.03769954e+01,  5.03493912e+01, -7.45150164e-01,        -9.00252065e-01,  4.59718826e+01,  3.32634509e-01,         9.08435427e-02,  2.25241560e-01],       [ 5.04376784e+01,  5.03693519e+01,  5.35832438e-01,        -4.36082768e-01,  4.56207881e+01,  3.56867396e-01,         1.38485060e-01,  2.40542758e-01],       [ 5.04146123e+01,  5.02914400e+01, -9.66882191e-01,        -8.42189143e-01,  4.55908226e+01,  3.38781214e-01,         1.33618579e-01,  2.94339189e-01],       [ 5.04314129e+01,  5.02898462e+01, -6.72651697e-01,        -9.48417221e-01,  4.83288304e+01,  3.19774213e-01,         1.11022011e-01,  1.98324804e-01],       [ 5.05281253e+01,  5.05685528e+01,  1.83298443e-01,         1.68637238e-01,  4.54614929e+01,  3.64981979e-01,         1.24022635e-01,  3.08480432e-01],       [ 5.04119579e+01,  5.04476111e+01, -8.86855056e-01,         3.85784448e-01,  4.69134336e+01,  3.37638911e-01,         1.40968218e-01,  2.34188139e-01],       [ 5.05937090e+01,  5.03300489e+01,  5.63177490e-01,         4.41277198e-01,  4.39283237e+01,  3.71144091e-01,         1.24316242e-01,  2.07669842e-01],       [ 5.04718334e+01,  5.03906801e+01,  4.40025727e-01,        -7.16237251e-01,  4.58466688e+01,  3.34730350e-01,         1.46475767e-01,  1.56875500e-01],       [ 5.06070410e+01,  5.02211247e+01,  6.17653225e-01,        -3.30175995e-01,  4.68076497e+01,  3.45848142e-01,         9.90321287e-02,  2.35593249e-01],       [ 5.03474941e+01,  5.04814829e+01, -7.05927083e-01,        -8.01471604e-01,  4.73993137e+01,  3.01594752e-01,         1.33855031e-01,  2.21395925e-01],       [ 5.05694439e+01,  5.01444892e+01,  1.70362941e-01,         9.18891486e-02,  4.57111414e+01,  3.49979500e-01,         1.25998804e-01,  2.47333635e-01],       [ 5.03323147e+01,  5.01156813e+01,  4.47780895e-02,        -1.39495906e+00,  4.88390065e+01,  3.08617322e-01,         1.47897179e-01,  1.46061130e-01],       [ 5.05823286e+01,  5.05927090e+01,  8.93312322e-01,        -1.35526730e+00,  4.55715844e+01,  3.17341543e-01,         1.32963781e-01,  1.47910014e-01],       [ 5.05224670e+01,  5.04188836e+01, -3.02571596e-01,         3.16583383e-01,  4.80011595e+01,  3.29709676e-01,         9.40006770e-02,  1.90146080e-01],       [ 5.05473106e+01,  5.01011459e+01, -5.09642622e-02,        -6.92398154e-01,  4.95140130e+01,  3.38064361e-01,         1.11356933e-01,  1.91265628e-01],       [ 5.04599829e+01,  5.02344637e+01, -1.00973724e-02,         2.41370640e-01,  4.57860883e+01,  3.46231268e-01,         1.36898747e-01,  2.07435938e-01],       [ 5.05250562e+01,  5.01831447e+01, -6.65872000e-01,         8.19732327e-02,  4.27528308e+01,  3.33141317e-01,         1.01279835e-01,  2.90891926e-01],       [ 5.03587456e+01,  5.02359913e+01, -7.68797745e-01,        -1.06491173e+00,  4.64735176e+01,  2.95258583e-01,         1.03875984e-01,  2.52955895e-01],       [ 5.03356239e+01,  5.01405287e+01,  3.32701315e-01,        -7.85397355e-01,  4.98931325e+01,  2.88421458e-01,         1.26087624e-01,  2.72677518e-01],       [ 5.06025686e+01,  5.03381995e+01,  5.02434657e-01,         2.38991098e-01,  4.52815613e+01,  3.07676798e-01,         1.39764315e-01,  2.04429124e-01],       [ 5.04119176e+01,  5.05482223e+01,  7.56130776e-01,         2.57918499e-02,  4.50046143e+01,  3.52752559e-01,         9.41564638e-02,  2.10941041e-01],       [ 5.06023473e+01,  5.02591156e+01, -6.24386309e-01,         2.55649451e-02,  4.57960855e+01,  3.45236609e-01,         1.38271361e-01,  1.63730975e-01],       [ 5.04707348e+01,  5.02270280e+01,  2.75727439e-01,        -5.94184834e-01,  4.87686805e+01,  2.91546881e-01,         1.06381621e-01,  2.55785878e-01],       [ 5.05058037e+01,  5.01237936e+01,  6.32776727e-01,        -6.46855717e-01,  4.81253807e+01,  3.02535104e-01,         1.20942958e-01,  2.15117199e-01],       [ 5.06062565e+01,  5.03604199e+01, -5.71919976e-01,         7.79875375e-02,  4.76163836e+01,  3.79593394e-01,         9.98073052e-02,  2.61145793e-01],       [ 5.04449232e+01,  5.05608236e+01,  6.01315620e-01,         9.08372225e-02,  4.32576559e+01,  3.27483474e-01,         1.00553684e-01,  1.64488235e-01],       [ 5.05645433e+01,  5.03954559e+01,  8.70431921e-01,        -9.39256321e-01,  4.49134829e+01,  2.83363590e-01,         1.38019505e-01,  2.30402947e-01],       [ 5.04183746e+01,  5.03460095e+01, -7.42459873e-01,         4.20387223e-01,  4.98002664e+01,  3.10407479e-01,         1.30001886e-01,  3.08760879e-01]]), array([-0.1216196, -0.       , -0.       , -0.       , -0.       ,       -0.       , -0.       , -0.       , -0.       , -0.       ,       -0.       , -0.       , -0.       , -0.       , -0.       ,       -0.       , -0.       , -0.       , -0.       , -0.       ,       -0.       , -0.       , -0.       , -0.       , -0.       ,       -0.       , -0.       , -0.       , -0.       , -0.       ,       -0.       , -0.       , -0.       , -0.       , -0.       ,       -0.       ])), 'net': {'saver_path': 'C:\\Users\\YbMinutes\\labscript-suite\\userlib\\labscriptlib\\ybclock\\analysis\\analysislib-mloop\\M-LOOP_archives\\neural_net_archive_2022-02-03_17-14_dBQdqO6M.ckpt'}}
net_1={'last_hyperfit': 0, 'last_net_reg': 1e-08, 'regularization_history': [1e-08], 'losses_list': [1.2161875, 0.30417463, 0.02653295, 0.0053987172, 0.0015074649, 0.0004997422, 0.0011715627, 0.07118885, 0.0024206513, 0.00046537805, 6.9669724e-05, 0.0001233032, 3.381257e-05, 2.1701662e-05, 6.7913065e-06, 1.3774029e-06, 1.705828e-06, 2.13504e-06, 1.9712766e-06, 2.7447559e-06, 1.0018625e-06, 6.243628e-07, 6.6722754e-07, 6.824515e-07, 5.638864e-07, 6.6245326e-07, 7.500401e-07, 1.2318737e-06, 2.8651223e-06, 1.972858e-06, 0.87965596, 0.32698205, 0.0171914, 0.0017654623, 0.0001591741, 9.019901e-06, 2.7252213e-06, 6.633887e-07, 5.736116e-07, 5.3587826e-07, 2.1789038, 0.3999, 0.12694302, 0.0014994552, 0.0004479498, 0.00025609302, 0.00022474852, 9.983691e-05, 4.3782584e-05, 2.6357098e-05, 2.505912e-05, 1.3155628e-05, 4.8640077e-06, 3.6330734e-06, 2.059575e-06, 2.082891e-06, 9.2465734e-07, 7.6413124e-07, 6.4490445e-07, 5.972097e-07, 0.7539258, 0.44638968, 0.1414295, 0.0044393158, 0.010110044, 0.0013197403, 0.0002813955, 3.335409e-05, 1.4854049e-06, 1.2411881e-06, 6.390097e-07, 5.699981e-07, 0.9769557, 0.2682645, 0.11547688, 0.08205343, 0.024026096, 0.00077894836, 9.933647e-05, 5.021492e-05, 4.549523e-05, 1.43087045e-05, 1.0421442e-05, 9.757957e-06, 2.9920362e-05, 1.3106857e-05, 2.5599766e-05, 2.9583825e-05, 4.199806e-06, 1.732702e-05, 0.78961694, 0.1506753, 0.008191992, 0.00050091563, 0.00011893411, 5.683159e-05, 3.901565e-05, 2.3426126e-05, 1.4588311e-05, 1.1183835e-05, 2.2682607e-05, 7.113228e-06, 7.482813e-06, 1.1094024e-05, 2.6651485e-06, 2.9548169e-06, 1.7099348e-06, 1.937677e-06, 1.1043426e-06, 9.679566e-07, 8.5709326e-07, 9.13525e-07, 0.299226, 0.051413104, 0.001992902, 0.0005469396, 0.00024607932, 0.0001378953, 0.0001019463, 5.5276647e-05, 3.553784e-05, 2.8795028e-05, 1.840517e-05, 1.5582198e-05, 9.95748e-06, 1.23955115e-05, 6.168149e-06, 7.627055e-06], 'scaler_samples': (array([[ 5.04333088e+01,  5.03200000e+01,  3.12563771e-02,        -7.50631073e-01,  4.66522575e+01,  3.31227841e-01,         1.20000000e-01,  3.00000000e-01],       [ 5.04911634e+01,  5.05818019e+01,  8.84564554e-01,        -6.04039667e-01,  4.70100166e+01,  2.95803199e-01,         9.74407120e-02,  2.16572408e-01],       [ 5.04217698e+01,  5.04763101e+01, -3.84510632e-02,        -3.80932084e-01,  4.56673875e+01,  3.29004760e-01,         1.43563776e-01,  2.48648092e-01],       [ 5.05881461e+01,  5.04613481e+01,  7.16299083e-01,         3.16781145e-01,  4.83504106e+01,  3.63885927e-01,         1.11529824e-01,  2.57926955e-01],       [ 5.04368278e+01,  5.04052586e+01, -7.43182668e-01,        -7.50368287e-01,  4.98137713e+01,  3.76430535e-01,         1.01086822e-01,  2.71192573e-01],       [ 5.03322473e+01,  5.02464925e+01,  9.28150326e-01,        -8.04509473e-01,  4.38643366e+01,  3.67738369e-01,         1.17142940e-01,  2.46597588e-01],       [ 5.04071423e+01,  5.03371221e+01,  5.01291639e-01,        -6.38304525e-01,  4.93634121e+01,  3.59995942e-01,         1.16327965e-01,  2.51827246e-01],       [ 5.05266851e+01,  5.03299912e+01,  8.72307003e-01,         1.37264946e-01,  4.73101337e+01,  2.82777625e-01,         9.54079346e-02,  1.86091723e-01],       [ 5.03769954e+01,  5.03493912e+01, -7.45150164e-01,        -9.00252065e-01,  4.59718826e+01,  3.32634509e-01,         9.08435427e-02,  2.25241560e-01],       [ 5.04376784e+01,  5.03693519e+01,  5.35832438e-01,        -4.36082768e-01,  4.56207881e+01,  3.56867396e-01,         1.38485060e-01,  2.40542758e-01],       [ 5.04146123e+01,  5.02914400e+01, -9.66882191e-01,        -8.42189143e-01,  4.55908226e+01,  3.38781214e-01,         1.33618579e-01,  2.94339189e-01],       [ 5.04314129e+01,  5.02898462e+01, -6.72651697e-01,        -9.48417221e-01,  4.83288304e+01,  3.19774213e-01,         1.11022011e-01,  1.98324804e-01],       [ 5.05281253e+01,  5.05685528e+01,  1.83298443e-01,         1.68637238e-01,  4.54614929e+01,  3.64981979e-01,         1.24022635e-01,  3.08480432e-01],       [ 5.04119579e+01,  5.04476111e+01, -8.86855056e-01,         3.85784448e-01,  4.69134336e+01,  3.37638911e-01,         1.40968218e-01,  2.34188139e-01],       [ 5.05937090e+01,  5.03300489e+01,  5.63177490e-01,         4.41277198e-01,  4.39283237e+01,  3.71144091e-01,         1.24316242e-01,  2.07669842e-01],       [ 5.04718334e+01,  5.03906801e+01,  4.40025727e-01,        -7.16237251e-01,  4.58466688e+01,  3.34730350e-01,         1.46475767e-01,  1.56875500e-01],       [ 5.06070410e+01,  5.02211247e+01,  6.17653225e-01,        -3.30175995e-01,  4.68076497e+01,  3.45848142e-01,         9.90321287e-02,  2.35593249e-01],       [ 5.03474941e+01,  5.04814829e+01, -7.05927083e-01,        -8.01471604e-01,  4.73993137e+01,  3.01594752e-01,         1.33855031e-01,  2.21395925e-01],       [ 5.05694439e+01,  5.01444892e+01,  1.70362941e-01,         9.18891486e-02,  4.57111414e+01,  3.49979500e-01,         1.25998804e-01,  2.47333635e-01],       [ 5.03323147e+01,  5.01156813e+01,  4.47780895e-02,        -1.39495906e+00,  4.88390065e+01,  3.08617322e-01,         1.47897179e-01,  1.46061130e-01],       [ 5.05823286e+01,  5.05927090e+01,  8.93312322e-01,        -1.35526730e+00,  4.55715844e+01,  3.17341543e-01,         1.32963781e-01,  1.47910014e-01],       [ 5.05224670e+01,  5.04188836e+01, -3.02571596e-01,         3.16583383e-01,  4.80011595e+01,  3.29709676e-01,         9.40006770e-02,  1.90146080e-01],       [ 5.05473106e+01,  5.01011459e+01, -5.09642622e-02,        -6.92398154e-01,  4.95140130e+01,  3.38064361e-01,         1.11356933e-01,  1.91265628e-01],       [ 5.04599829e+01,  5.02344637e+01, -1.00973724e-02,         2.41370640e-01,  4.57860883e+01,  3.46231268e-01,         1.36898747e-01,  2.07435938e-01],       [ 5.05250562e+01,  5.01831447e+01, -6.65872000e-01,         8.19732327e-02,  4.27528308e+01,  3.33141317e-01,         1.01279835e-01,  2.90891926e-01],       [ 5.03587456e+01,  5.02359913e+01, -7.68797745e-01,        -1.06491173e+00,  4.64735176e+01,  2.95258583e-01,         1.03875984e-01,  2.52955895e-01],       [ 5.03356239e+01,  5.01405287e+01,  3.32701315e-01,        -7.85397355e-01,  4.98931325e+01,  2.88421458e-01,         1.26087624e-01,  2.72677518e-01],       [ 5.06025686e+01,  5.03381995e+01,  5.02434657e-01,         2.38991098e-01,  4.52815613e+01,  3.07676798e-01,         1.39764315e-01,  2.04429124e-01],       [ 5.04119176e+01,  5.05482223e+01,  7.56130776e-01,         2.57918499e-02,  4.50046143e+01,  3.52752559e-01,         9.41564638e-02,  2.10941041e-01],       [ 5.06023473e+01,  5.02591156e+01, -6.24386309e-01,         2.55649451e-02,  4.57960855e+01,  3.45236609e-01,         1.38271361e-01,  1.63730975e-01],       [ 5.04707348e+01,  5.02270280e+01,  2.75727439e-01,        -5.94184834e-01,  4.87686805e+01,  2.91546881e-01,         1.06381621e-01,  2.55785878e-01],       [ 5.05058037e+01,  5.01237936e+01,  6.32776727e-01,        -6.46855717e-01,  4.81253807e+01,  3.02535104e-01,         1.20942958e-01,  2.15117199e-01],       [ 5.06062565e+01,  5.03604199e+01, -5.71919976e-01,         7.79875375e-02,  4.76163836e+01,  3.79593394e-01,         9.98073052e-02,  2.61145793e-01],       [ 5.04449232e+01,  5.05608236e+01,  6.01315620e-01,         9.08372225e-02,  4.32576559e+01,  3.27483474e-01,         1.00553684e-01,  1.64488235e-01],       [ 5.05645433e+01,  5.03954559e+01,  8.70431921e-01,        -9.39256321e-01,  4.49134829e+01,  2.83363590e-01,         1.38019505e-01,  2.30402947e-01],       [ 5.04183746e+01,  5.03460095e+01, -7.42459873e-01,         4.20387223e-01,  4.98002664e+01,  3.10407479e-01,         1.30001886e-01,  3.08760879e-01]]), array([-0.1216196, -0.       , -0.       , -0.       , -0.       ,       -0.       , -0.       , -0.       , -0.       , -0.       ,       -0.       , -0.       , -0.       , -0.       , -0.       ,       -0.       , -0.       , -0.       , -0.       , -0.       ,       -0.       , -0.       , -0.       , -0.       , -0.       ,       -0.       , -0.       , -0.       , -0.       , -0.       ,       -0.       , -0.       , -0.       , -0.       , -0.       ,       -0.       ])), 'net': {'saver_path': 'C:\\Users\\YbMinutes\\labscript-suite\\userlib\\labscriptlib\\ybclock\\analysis\\analysislib-mloop\\M-LOOP_archives\\neural_net_archive_2022-02-03_17-14_qKzy0O05.ckpt'}}
net_2={'last_hyperfit': 0, 'last_net_reg': 1e-08, 'regularization_history': [1e-08], 'losses_list': [1.0858607, 0.2665867, 0.022048842, 0.0060529793, 0.0010871484, 0.0002610328, 0.00035116347, 8.190528e-05, 4.9028546e-05, 0.0005160199, 0.0003771459, 0.00033794448, 0.001352238, 0.0011114393, 0.0019271086, 0.0008311235, 0.013107027, 0.012135554, 0.0017676844, 0.00088699436, 0.9371006, 0.24555798, 0.010631535, 0.00060105, 0.0002722044, 7.3515286e-05, 1.6802584, 0.4735771, 0.16550133, 0.00791727, 0.009077951, 0.0006445532, 0.00024378664, 5.5206274e-05, 3.269878e-05, 1.3521047e-05, 5.6542935e-06, 2.807401e-06, 1.6574782e-06, 1.713715e-06, 1.902803e-06, 8.12401e-07, 6.992386e-07, 5.7651727e-07, 1.2706109, 0.43798235, 0.2056409, 0.028968448, 0.0007139617, 9.0004374e-05, 2.0133608e-05, 1.1824548e-05, 7.771122e-06, 5.2824676e-06, 3.326513e-06, 3.737133e-06, 3.5212063e-06, 1.3182148e-06, 7.846411e-07, 7.0565176e-07, 0.7207204, 0.19196574, 0.036675952, 0.006236931, 0.0007438813, 0.00021831715, 8.04224e-05, 0.0001537414, 0.00013639315, 1.4563488e-05, 2.8176526e-05, 2.4761116e-06, 1.5507778e-06, 1.3534523e-06, 8.275601e-07, 7.07033e-07, 6.4357755e-07, 7.158419e-07, 0.72348154, 0.34271982, 0.111210786, 0.0032503798, 0.00057294045, 0.0001571809, 0.0001310849, 4.126196e-05, 2.492749e-05, 1.6397533e-05, 8.638214e-06, 5.8749947e-06, 4.235491e-06, 3.095749e-06, 5.1701813e-06, 1.594267e-06, 1.2615815e-06, 9.18526e-07, 8.5156194e-07, 7.577708e-07, 0.65513986, 0.47536325, 0.25689638, 0.07944321, 0.09481824, 0.004725656, 0.0012927894, 0.00046170264, 0.00021793898, 0.00033420284, 9.496634e-05, 0.00011468981, 2.2915161e-05, 2.760507e-05], 'scaler_samples': (array([[ 5.04333088e+01,  5.03200000e+01,  3.12563771e-02,        -7.50631073e-01,  4.66522575e+01,  3.31227841e-01,         1.20000000e-01,  3.00000000e-01],       [ 5.04911634e+01,  5.05818019e+01,  8.84564554e-01,        -6.04039667e-01,  4.70100166e+01,  2.95803199e-01,         9.74407120e-02,  2.16572408e-01],       [ 5.04217698e+01,  5.04763101e+01, -3.84510632e-02,        -3.80932084e-01,  4.56673875e+01,  3.29004760e-01,         1.43563776e-01,  2.48648092e-01],       [ 5.05881461e+01,  5.04613481e+01,  7.16299083e-01,         3.16781145e-01,  4.83504106e+01,  3.63885927e-01,         1.11529824e-01,  2.57926955e-01],       [ 5.04368278e+01,  5.04052586e+01, -7.43182668e-01,        -7.50368287e-01,  4.98137713e+01,  3.76430535e-01,         1.01086822e-01,  2.71192573e-01],       [ 5.03322473e+01,  5.02464925e+01,  9.28150326e-01,        -8.04509473e-01,  4.38643366e+01,  3.67738369e-01,         1.17142940e-01,  2.46597588e-01],       [ 5.04071423e+01,  5.03371221e+01,  5.01291639e-01,        -6.38304525e-01,  4.93634121e+01,  3.59995942e-01,         1.16327965e-01,  2.51827246e-01],       [ 5.05266851e+01,  5.03299912e+01,  8.72307003e-01,         1.37264946e-01,  4.73101337e+01,  2.82777625e-01,         9.54079346e-02,  1.86091723e-01],       [ 5.03769954e+01,  5.03493912e+01, -7.45150164e-01,        -9.00252065e-01,  4.59718826e+01,  3.32634509e-01,         9.08435427e-02,  2.25241560e-01],       [ 5.04376784e+01,  5.03693519e+01,  5.35832438e-01,        -4.36082768e-01,  4.56207881e+01,  3.56867396e-01,         1.38485060e-01,  2.40542758e-01],       [ 5.04146123e+01,  5.02914400e+01, -9.66882191e-01,        -8.42189143e-01,  4.55908226e+01,  3.38781214e-01,         1.33618579e-01,  2.94339189e-01],       [ 5.04314129e+01,  5.02898462e+01, -6.72651697e-01,        -9.48417221e-01,  4.83288304e+01,  3.19774213e-01,         1.11022011e-01,  1.98324804e-01],       [ 5.05281253e+01,  5.05685528e+01,  1.83298443e-01,         1.68637238e-01,  4.54614929e+01,  3.64981979e-01,         1.24022635e-01,  3.08480432e-01],       [ 5.04119579e+01,  5.04476111e+01, -8.86855056e-01,         3.85784448e-01,  4.69134336e+01,  3.37638911e-01,         1.40968218e-01,  2.34188139e-01],       [ 5.05937090e+01,  5.03300489e+01,  5.63177490e-01,         4.41277198e-01,  4.39283237e+01,  3.71144091e-01,         1.24316242e-01,  2.07669842e-01],       [ 5.04718334e+01,  5.03906801e+01,  4.40025727e-01,        -7.16237251e-01,  4.58466688e+01,  3.34730350e-01,         1.46475767e-01,  1.56875500e-01],       [ 5.06070410e+01,  5.02211247e+01,  6.17653225e-01,        -3.30175995e-01,  4.68076497e+01,  3.45848142e-01,         9.90321287e-02,  2.35593249e-01],       [ 5.03474941e+01,  5.04814829e+01, -7.05927083e-01,        -8.01471604e-01,  4.73993137e+01,  3.01594752e-01,         1.33855031e-01,  2.21395925e-01],       [ 5.05694439e+01,  5.01444892e+01,  1.70362941e-01,         9.18891486e-02,  4.57111414e+01,  3.49979500e-01,         1.25998804e-01,  2.47333635e-01],       [ 5.03323147e+01,  5.01156813e+01,  4.47780895e-02,        -1.39495906e+00,  4.88390065e+01,  3.08617322e-01,         1.47897179e-01,  1.46061130e-01],       [ 5.05823286e+01,  5.05927090e+01,  8.93312322e-01,        -1.35526730e+00,  4.55715844e+01,  3.17341543e-01,         1.32963781e-01,  1.47910014e-01],       [ 5.05224670e+01,  5.04188836e+01, -3.02571596e-01,         3.16583383e-01,  4.80011595e+01,  3.29709676e-01,         9.40006770e-02,  1.90146080e-01],       [ 5.05473106e+01,  5.01011459e+01, -5.09642622e-02,        -6.92398154e-01,  4.95140130e+01,  3.38064361e-01,         1.11356933e-01,  1.91265628e-01],       [ 5.04599829e+01,  5.02344637e+01, -1.00973724e-02,         2.41370640e-01,  4.57860883e+01,  3.46231268e-01,         1.36898747e-01,  2.07435938e-01],       [ 5.05250562e+01,  5.01831447e+01, -6.65872000e-01,         8.19732327e-02,  4.27528308e+01,  3.33141317e-01,         1.01279835e-01,  2.90891926e-01],       [ 5.03587456e+01,  5.02359913e+01, -7.68797745e-01,        -1.06491173e+00,  4.64735176e+01,  2.95258583e-01,         1.03875984e-01,  2.52955895e-01],       [ 5.03356239e+01,  5.01405287e+01,  3.32701315e-01,        -7.85397355e-01,  4.98931325e+01,  2.88421458e-01,         1.26087624e-01,  2.72677518e-01],       [ 5.06025686e+01,  5.03381995e+01,  5.02434657e-01,         2.38991098e-01,  4.52815613e+01,  3.07676798e-01,         1.39764315e-01,  2.04429124e-01],       [ 5.04119176e+01,  5.05482223e+01,  7.56130776e-01,         2.57918499e-02,  4.50046143e+01,  3.52752559e-01,         9.41564638e-02,  2.10941041e-01],       [ 5.06023473e+01,  5.02591156e+01, -6.24386309e-01,         2.55649451e-02,  4.57960855e+01,  3.45236609e-01,         1.38271361e-01,  1.63730975e-01],       [ 5.04707348e+01,  5.02270280e+01,  2.75727439e-01,        -5.94184834e-01,  4.87686805e+01,  2.91546881e-01,         1.06381621e-01,  2.55785878e-01],       [ 5.05058037e+01,  5.01237936e+01,  6.32776727e-01,        -6.46855717e-01,  4.81253807e+01,  3.02535104e-01,         1.20942958e-01,  2.15117199e-01],       [ 5.06062565e+01,  5.03604199e+01, -5.71919976e-01,         7.79875375e-02,  4.76163836e+01,  3.79593394e-01,         9.98073052e-02,  2.61145793e-01],       [ 5.04449232e+01,  5.05608236e+01,  6.01315620e-01,         9.08372225e-02,  4.32576559e+01,  3.27483474e-01,         1.00553684e-01,  1.64488235e-01],       [ 5.05645433e+01,  5.03954559e+01,  8.70431921e-01,        -9.39256321e-01,  4.49134829e+01,  2.83363590e-01,         1.38019505e-01,  2.30402947e-01],       [ 5.04183746e+01,  5.03460095e+01, -7.42459873e-01,         4.20387223e-01,  4.98002664e+01,  3.10407479e-01,         1.30001886e-01,  3.08760879e-01]]), array([-0.1216196, -0.       , -0.       , -0.       , -0.       ,       -0.       , -0.       , -0.       , -0.       , -0.       ,       -0.       , -0.       , -0.       , -0.       , -0.       ,       -0.       , -0.       , -0.       , -0.       , -0.       ,       -0.       , -0.       , -0.       , -0.       , -0.       ,       -0.       , -0.       , -0.       , -0.       , -0.       ,       -0.       , -0.       , -0.       , -0.       , -0.       ,       -0.       ])), 'net': {'saver_path': 'C:\\Users\\YbMinutes\\labscript-suite\\userlib\\labscriptlib\\ybclock\\analysis\\analysislib-mloop\\M-LOOP_archives\\neural_net_archive_2022-02-03_17-14_GjDeYblZ.ckpt'}}
