mloop_version='3.2.1'
archive_type='neural_net_learner'
num_params=3
min_boundary=array([50.1, -1. , -1.5])
max_boundary=array([50.65,  1.  ,  1.  ])
start_datetime='2022-03-31_16-21'
param_names=['lattice_loading_frequency', 'y_bias_field_loading', 'z_bias_field_loading']
search_precision=1e-06
parameter_searches=10
bad_uncer_frac=0.1
trust_region=array([0.275, 1.   , 1.25 ])
has_trust_region=True
predict_global_minima_at_end=True
generation_num=3
update_hyperparameters=False
predicted_best_parameters=array([50.30318829, -0.16748561, -1.25728891])
predicted_best_scaled_cost=-0.17171513
predicted_best_cost=-0.1717151254415512
all_params=array([[ 5.03466646e+01,  9.04228630e-02, -8.12328599e-01],       [ 5.04347372e+01,  2.16216210e-01,  1.76615787e-01],       [ 5.01214728e+01, -1.78239640e-01, -8.71328852e-01],       [ 5.04336449e+01,  8.38923307e-01,  3.74083305e-01],       [ 5.01000000e+01,  1.00000000e+00, -9.47453186e-01],       [ 5.06216646e+01,  4.43968962e-01, -9.22855718e-01],       [ 5.01938939e+01,  1.00000000e+00, -1.50000000e+00],       [ 5.01174063e+01,  3.90331141e-01, -1.18909599e+00],       [ 5.04126275e+01, -9.09577137e-01, -1.50000000e+00],       [ 5.01000000e+01,  8.24516974e-01,  4.06530664e-01],       [ 5.03140010e+01,  3.41429653e-01, -2.31715492e-02],       [ 5.04907425e+01,  9.10689203e-02, -1.00425745e+00],       [ 5.01000000e+01,  4.25978520e-01,  4.37671401e-01],       [ 5.01671797e+01,  5.26078427e-01, -2.42473159e-01],       [ 5.04695409e+01, -4.48152320e-01, -2.29924526e-01],       [ 5.05350219e+01,  4.93223149e-01, -1.41593167e+00],       [ 5.06331069e+01, -1.00000000e+00,  4.45243624e-01],       [ 5.03006637e+01, -1.00000000e+00,  1.40351304e-01],       [ 5.06500000e+01, -1.00000000e+00,  5.11821248e-01],       [ 5.04198528e+01,  9.03877626e-02, -9.23769932e-01],       [ 5.04985285e+01, -5.57382655e-01, -3.93660919e-01],       [ 5.04833123e+01, -4.21791357e-01, -2.22490556e-01],       [ 5.04603096e+01, -4.03918173e-01, -2.78854960e-01],       [ 5.02909927e+01, -2.48268998e-01, -2.13183426e-01],       [ 5.04301280e+01, -4.55316183e-01,  2.78996773e-02],       [ 5.04208965e+01, -4.78362597e-01,  6.69070853e-02],       [ 5.04343275e+01, -3.33335822e-01, -8.44617830e-02],       [ 5.04935680e+01,  4.89836725e-01, -1.10800587e-01],       [ 5.04718090e+01, -5.18553421e-01, -2.60616383e-01],       [ 5.04526765e+01, -5.16513372e-01, -2.45665750e-01],       [ 5.04575253e+01, -3.78317796e-01, -3.64172710e-01],       [ 5.02648613e+01, -7.35662456e-02, -4.14719753e-01],       [ 5.02852463e+01,  2.42098767e-01,  1.00000000e+00],       [ 5.04699903e+01, -4.99533966e-01, -1.24997692e-01],       [ 5.04547389e+01, -3.43986395e-01, -2.65726855e-01],       [ 5.02891119e+01, -7.70714204e-01, -2.92865229e-01],       [ 5.06413973e+01,  4.23696594e-01,  1.00000000e+00],       [ 5.04950509e+01, -5.26598360e-01, -4.17470880e-02],       [ 5.03926088e+01, -1.12748764e-01, -4.19376685e-01],       [ 5.05875424e+01,  4.73781551e-01, -8.83515798e-01],       [ 5.05337003e+01, -3.36893108e-01,  1.00000000e+00],       [ 5.04420928e+01,  4.36699466e-01,  1.00000000e+00],       [ 5.04682172e+01, -4.42720016e-01, -2.37880312e-01],       [ 5.06292286e+01, -6.53899826e-01, -7.51046110e-01],       [ 5.02865466e+01, -1.00000000e+00,  1.00000000e+00],       [ 5.04797898e+01, -4.66996604e-01, -1.60991005e-01],       [ 5.01945409e+01, -1.00000000e+00,  1.00000000e+00],       [ 5.05743964e+01,  7.42801210e-01, -9.27466433e-01],       [ 5.04360891e+01, -8.68411016e-01,  1.00000000e+00],       [ 5.06500000e+01,  5.51847680e-01, -3.11024845e-01],       [ 5.04808523e+01, -4.51081892e-01, -2.41559506e-01],       [ 5.05734724e+01,  6.36435765e-01,  1.31019337e-01],       [ 5.02826414e+01, -7.53708287e-01, -1.20095652e+00],       [ 5.04745948e+01, -4.49122529e-01, -1.94188884e-01],       [ 5.04948124e+01, -5.10049480e-01, -1.82236779e-01],       [ 5.04550458e+01, -6.99923421e-01, -6.90955239e-01],       [ 5.06500000e+01, -8.11890859e-01, -4.31188825e-01],       [ 5.04876274e+01, -5.44187622e-01, -1.47992453e+00],       [ 5.04735742e+01, -4.56701317e-01, -2.37999419e-01]])
all_costs=array([-0.        , -0.        , -0.        , -0.        , -0.        ,       -0.        , -0.        , -0.        , -0.        , -0.        ,       -0.        , -0.        , -0.        , -0.        , -1.73343852,       -0.        , -0.        , -0.        , -0.        , -0.        ,       -0.        , -0.        , -0.        , -0.        , -0.        ,       -0.        , -0.        , -0.        , -0.        , -0.        ,       -0.        , -0.        , -0.        , -0.        , -0.        ,       -0.        , -0.        , -0.        , -0.        , -0.        ,       -0.        , -0.        , -0.        , -0.        , -0.        ,       -0.        , -0.        , -0.        , -0.        , -0.        ,       -0.        , -0.        , -0.        , -0.        , -0.        ,       -0.        , -0.        , -0.        , -0.        ])
all_uncers=array([1.e-08, 1.e-08, 1.e-08, 1.e-08, 1.e-08, 1.e-08, 1.e-08, 1.e-08,       1.e-08, 1.e-08, 1.e-08, 1.e-08, 1.e-08, 1.e-08, 1.e-08, 1.e-08,       1.e-08, 1.e-08, 1.e-08, 1.e-08, 1.e-08, 1.e-08, 1.e-08, 1.e-08,       1.e-08, 1.e-08, 1.e-08, 1.e-08, 1.e-08, 1.e-08, 1.e-08, 1.e-08,       1.e-08, 1.e-08, 1.e-08, 1.e-08, 1.e-08, 1.e-08, 1.e-08, 1.e-08,       1.e-08, 1.e-08, 1.e-08, 1.e-08, 1.e-08, 1.e-08, 1.e-08, 1.e-08,       1.e-08, 1.e-08, 1.e-08, 1.e-08, 1.e-08, 1.e-08, 1.e-08, 1.e-08,       1.e-08, 1.e-08, 1.e-08])
bad_run_indexs=[]
best_cost=-1.7334385168275983
best_params=array([50.46954086, -0.44815232, -0.22992453])
best_index=14
worst_cost=-0.0
worst_index=0
cost_range=1.7334385168275983
costs_count=59
params_count=46
cost_scaler_init_index=4
net_0={'last_hyperfit': 0, 'last_net_reg': 1e-08, 'regularization_history': [1e-08], 'losses_list': [0.091519825, 0.038862363, 0.006341459, 0.0040403465, 0.0026812905, 0.00081015774, 0.00022586627, 0.00015105658, 2.9831308e-05, 1.0599634e-05, 3.8985218e-06, 2.1346418e-06, 1.1435144e-06, 8.618073e-07, 5.763399e-07, 5.492398e-07, 5.4280724e-07, 5.318814e-07, 5.307708e-07, 5.308843e-07, 5.3045295e-07, 5.302757e-07, 5.3025747e-07, 5.302542e-07, 5.302503e-07, 5.302497e-07, 5.302494e-07, 5.3024945e-07, 5.302494e-07, 5.302493e-07, 0.10661557, 0.08743298, 0.024571648, 0.010664525, 0.0042812023, 0.0005781314, 0.00013867262, 0.00011518672, 4.7095957e-05, 1.2038077e-05, 1.8009747e-06, 1.9263825e-06, 1.2186209e-06, 8.8100586e-07, 6.191267e-07, 5.558533e-07, 0.023343801, 0.002570604, 0.0010020776, 0.0005773239, 0.00011492679, 5.271305e-05, 2.1967933e-05, 5.4990082e-06, 2.3023672e-06, 1.464148e-06, 7.050425e-07, 6.468664e-07, 0.2110551, 0.00876036, 0.005346068, 0.001409209, 0.00061728637, 0.00022087891, 6.238071e-05, 3.364011e-05, 7.540544e-06, 4.884949e-06, 9.952412e-07, 9.947244e-07, 6.341859e-07, 5.947072e-07, 0.32539725, 0.010412683, 0.0073418845, 0.0023313863, 0.00082378474, 0.0004679963, 0.00021681565, 0.00010550177, 8.407629e-05, 3.7443242e-05, 4.3071424e-05, 3.7150483e-05, 0.21217729, 0.10873244, 0.0999976, 0.09438459, 0.12092472, 0.09162012, 0.08813987, 0.086225994, 0.086000815, 0.08103554, 0.07756735, 0.07550316, 0.07249549, 0.067824945, 0.062687784, 0.060564645, 0.05860556, 0.05597913, 0.053113025, 0.05352794, 0.0505474, 0.049057744, 0.049094107, 0.046471834, 0.046175916, 0.046017453], 'scaler_samples': (array([[50.34666463,  0.09042286, -0.8123286 ],       [50.4347372 ,  0.21621621,  0.17661579],       [50.12147277, -0.17823964, -0.87132885],       [50.43364488,  0.83892331,  0.3740833 ]]), array([-0., -0., -0., -0.])), 'net': {'saver_path': 'C:\\Users\\YbClockReloaded\\labscript-suite\\userlib\\labscriptlib\\ybclock\\analysis\\analysislib-mloop\\M-LOOP_archives\\neural_net_archive_2022-03-31_16-21_n22VDiY_.ckpt'}}
net_1={'last_hyperfit': 0, 'last_net_reg': 1e-08, 'regularization_history': [1e-08], 'losses_list': [0.07932842, 0.053056173, 0.017029516, 0.005105084, 0.0013502517, 0.0002662237, 2.4034664e-05, 1.9187062e-05, 3.0912106e-05, 1.1532016e-05, 7.5414346e-07, 1.5921058e-06, 9.816711e-07, 5.4083773e-07, 6.050765e-07, 5.283101e-07, 5.3694754e-07, 5.277665e-07, 5.2868114e-07, 5.2751693e-07, 5.2760487e-07, 5.275192e-07, 5.274976e-07, 5.274895e-07, 5.274897e-07, 5.2748925e-07, 5.274892e-07, 5.2748914e-07, 5.27489e-07, 5.2748896e-07, 0.1258244, 0.044792604, 0.009088834, 0.00498338, 0.0016430421, 0.00024942748, 6.632586e-05, 4.6768997e-05, 0.12095585, 0.022264726, 0.0097719785, 0.0031155725, 0.00050316297, 0.00020009525, 0.00012042611, 2.0516809e-05, 8.119032e-06, 4.430727e-06, 2.2788427e-06, 6.269316e-07, 6.744706e-07, 5.8406135e-07, 5.518084e-07, 5.289877e-07, 0.22792393, 0.0150613375, 0.0049762744, 0.0026095891, 0.0008343977, 0.00022144883, 8.713709e-05, 2.5022e-05, 8.76417e-06, 3.839223e-06, 1.7994685e-06, 9.350778e-07, 6.191443e-07, 5.5995156e-07, 0.40596604, 0.1126433, 0.018189264, 0.0059729223, 0.00082772976, 0.00022673825, 0.0003286558, 0.0002279395, 9.7573975e-05, 6.112294e-05, 5.8653597e-05, 3.5346548e-05, 4.289544e-05, 0.00039438086, 0.26711664, 0.10325175, 0.095866874, 0.092750914, 0.10838352, 0.091107234, 0.0844699, 0.08118152, 0.083414145, 0.07878692, 0.073843, 0.076380014, 0.0694409, 0.06722738, 0.063170455, 0.06150437, 0.060550347, 0.0569796, 0.054107938, 0.052970447, 0.05774899, 0.04967123, 0.048639894, 0.04660226], 'scaler_samples': (array([[50.34666463,  0.09042286, -0.8123286 ],       [50.4347372 ,  0.21621621,  0.17661579],       [50.12147277, -0.17823964, -0.87132885],       [50.43364488,  0.83892331,  0.3740833 ]]), array([-0., -0., -0., -0.])), 'net': {'saver_path': 'C:\\Users\\YbClockReloaded\\labscript-suite\\userlib\\labscriptlib\\ybclock\\analysis\\analysislib-mloop\\M-LOOP_archives\\neural_net_archive_2022-03-31_16-21_VB3-W2K7.ckpt'}}
net_2={'last_hyperfit': 0, 'last_net_reg': 1e-08, 'regularization_history': [1e-08], 'losses_list': [0.40352848, 0.056637526, 0.004276762, 0.0055373088, 0.0022077197, 0.00043103148, 0.00032812788, 4.9085163e-05, 2.5734013e-05, 1.4555336e-05, 2.0991704e-06, 1.837318e-06, 1.3110874e-06, 6.482045e-07, 5.4233976e-07, 5.3421286e-07, 5.2102297e-07, 5.1425945e-07, 5.1254233e-07, 5.122046e-07, 5.121251e-07, 5.120991e-07, 5.120651e-07, 5.120479e-07, 5.120431e-07, 5.120431e-07, 5.1204273e-07, 5.120425e-07, 5.1204245e-07, 5.1204233e-07, 0.3878965, 0.123209946, 0.027195215, 0.008118204, 0.0020102288, 0.0013827835, 0.00032403888, 8.7163724e-05, 6.0569917e-05, 1.196958e-05, 4.1878034e-06, 2.8903846e-06, 9.34441e-07, 5.691281e-07, 5.8731297e-07, 5.436061e-07, 0.020655688, 0.0056523024, 0.00122188, 0.0006612919, 0.00012216998, 8.566e-05, 3.8195674e-05, 4.39501e-06, 3.1059267e-06, 1.7252205e-06, 8.7073147e-07, 6.4556184e-07, 5.410662e-07, 5.283322e-07, 0.07978197, 0.0086868275, 0.0017466239, 0.00077389216, 0.00032316984, 0.00014033813, 5.0554765e-05, 1.3036821e-05, 3.220881e-06, 1.0711226e-06, 7.9773525e-07, 6.527539e-07, 5.6782307e-07, 5.29652e-07, 0.5144747, 0.054462567, 0.070909835, 0.008258935, 0.0012359692, 0.00022979912, 0.0002709734, 9.3623836e-05, 0.24550557, 0.1091519, 0.09918725, 0.097066134, 0.10641665, 0.093670316, 0.08787788, 0.0852061, 0.087179296, 0.08203127, 0.07573455, 0.08425391, 0.073901854, 0.06873706, 0.06583741, 0.06257955, 0.059643988, 0.057841126, 0.053440377, 0.05630599, 0.051248223, 0.050439373, 0.047677815, 0.047156975], 'scaler_samples': (array([[50.34666463,  0.09042286, -0.8123286 ],       [50.4347372 ,  0.21621621,  0.17661579],       [50.12147277, -0.17823964, -0.87132885],       [50.43364488,  0.83892331,  0.3740833 ]]), array([-0., -0., -0., -0.])), 'net': {'saver_path': 'C:\\Users\\YbClockReloaded\\labscript-suite\\userlib\\labscriptlib\\ybclock\\analysis\\analysislib-mloop\\M-LOOP_archives\\neural_net_archive_2022-03-31_16-21_Th9khcau.ckpt'}}
