mloop_version='3.2.1'
archive_type='gaussian_process_learner'
num_params=1
min_boundary=array([0.])
max_boundary=array([20.])
start_datetime='2022-01-24_12-27'
param_names=['LS_blue_mot_duration']
search_precision=1e-06
parameter_searches=10
bad_uncer_frac=0.1
trust_region=array([10.])
has_trust_region=True
predict_global_minima_at_end=True
cost_has_noise=True
length_scale_history=[array([0.9532491]), array([0.79140918]), array([0.7759283]), array([0.71308889]), array([0.75025037]), array([0.81086535]), array([0.80077231])]
length_scale_bounds=array([1.e-05, 1.e+05])
noise_level_history=[0.0077460399896825, 0.006830390215415859, 0.008931720372638875, 0.020297380623921887, 0.041048051274491404, 0.0361831490441528, 0.033476427236766436]
noise_level_bounds=nan
bias_func_cycle=4
bias_func_cost_factor=[1.0, 1.0, 1.0, 1.0]
bias_func_uncer_factor=[0.0, 1.0, 2.0, 3.0]
generation_num=4
update_hyperparameters=True
hyperparameter_searches=10
scaler_samples=None
all_params=array([[ 1.        ],       [ 1.30645603],       [ 6.71446431],       [ 7.64928198],       [12.96547746],       [ 7.53053933],       [15.49305672],       [12.76104822],       [ 9.66528532],       [14.31299958],       [15.52739999],       [10.57467575],       [11.3471927 ],       [ 7.6675489 ],       [ 8.15462808],       [13.5357114 ],       [20.        ],       [20.        ],       [20.        ],       [16.39674634],       [14.60711928],       [18.86703141],       [18.4651104 ],       [18.29245734],       [19.60482796],       [12.88801497],       [17.90274362],       [17.77207581],       [17.6803175 ],       [18.09682193],       [ 2.7729646 ],       [20.        ],       [20.        ],       [20.        ],       [20.        ],       [14.1113052 ],       [15.41962832],       [15.42638342],       [15.43278223],       [15.41249284],       [ 6.05373687],       [15.30983008],       [15.33242892]])
all_costs=array([-1.16687805, -1.21560674, -2.18592761, -2.29285158, -2.4635474 ,       -2.24092284, -2.46997688, -2.39518169, -2.34473368, -2.35069331,       -2.41926994, -2.3398921 , -2.1696822 , -2.16634835, -2.08085448,       -2.30377358, -2.42105115, -2.53887082, -2.45435523, -2.38900029,       -2.51216113, -2.27130017, -2.59494582, -2.53966393, -2.48089417,       -2.38827129, -2.40346946, -2.52410924, -2.2229349 , -1.90516806,       -1.28597311, -1.82889988, -1.82077257, -1.86238234, -2.36826956,       -2.41228427, -2.3632006 , -2.32540385, -2.26533369, -2.39567367,       -2.04941297, -2.35952791, -2.40091153])
all_uncers=array([1.e-08, 1.e-08, 1.e-08, 1.e-08, 1.e-08, 1.e-08, 1.e-08, 1.e-08,       1.e-08, 1.e-08, 1.e-08, 1.e-08, 1.e-08, 1.e-08, 1.e-08, 1.e-08,       1.e-08, 1.e-08, 1.e-08, 1.e-08, 1.e-08, 1.e-08, 1.e-08, 1.e-08,       1.e-08, 1.e-08, 1.e-08, 1.e-08, 1.e-08, 1.e-08, 1.e-08, 1.e-08,       1.e-08, 1.e-08, 1.e-08, 1.e-08, 1.e-08, 1.e-08, 1.e-08, 1.e-08,       1.e-08, 1.e-08, 1.e-08])
bad_run_indexs=[]
best_cost=-2.5949458248095105
best_params=array([18.4651104])
best_index=22
worst_cost=-1.166878049720133
worst_index=0
cost_range=1.4280677750893775
costs_count=43
params_count=24
fit_count=7
length_scale=array([0.80077231])
noise_level=0.033476427236766436
predicted_best_parameters=array([15.39160309])
predicted_best_scaled_cost=array([5.00271863e-69])
predicted_best_scaled_uncertainty=array([1.14055007])
predicted_best_cost=array([-2.23233447])
predicted_best_uncertainty=array([0.38045709])
