mloop_version='3.2.1'
archive_type='neural_net_learner'
num_params=7
min_boundary=array([50.3, 50.1,  5. , -1. , -1.5, -1.5, -2.5])
max_boundary=array([50.65, 50.65,  5.3 ,  1.  ,  1.  ,  1.  ,  1.  ])
start_datetime='2022-02-02_13-27'
param_names=['green_mot_frequency', 'lattice_loading_frequency', 'x_bias_field_loading', 'y_bias_field_loading', 'z_bias_field_loading', 'x_bias_field_loading_in_cavity', 'y_bias_field_loading_in_cavity']
search_precision=1e-06
parameter_searches=10
bad_uncer_frac=0.1
trust_region=array([0.175, 0.275, 0.15 , 1.   , 1.25 , 1.25 , 1.75 ])
has_trust_region=True
predict_global_minima_at_end=True
generation_num=3
update_hyperparameters=False
predicted_best_parameters=array([50.43941057, 50.4359854 ,  5.14783094,  0.23599293, -0.80340709,       -0.30097426, -2.24009077])
predicted_best_scaled_cost=-191.73228
predicted_best_cost=-191.73228454589844
all_params=array([[ 5.04000000e+01,  5.03200000e+01,  5.10000000e+00,         5.00000000e-01, -8.00000000e-01, -2.00000000e-02,        -1.86000000e+00],       [ 5.04685652e+01,  5.05560577e+01,  5.21583403e+00,         1.24956132e-01, -7.68335999e-02,  3.83974984e-01,        -2.09198881e+00],       [ 5.03280985e+01,  5.01176099e+01,  5.07873491e+00,        -3.65564146e-01, -3.55609312e-02, -2.82682314e-02,        -1.17649919e+00],       [ 5.05476817e+01,  5.01435161e+01,  5.02545245e+00,        -1.30889740e-02, -1.07313141e+00, -1.19116905e+00,        -8.00500504e-01],       [ 5.05219699e+01,  5.04664786e+01,  5.05325667e+00,         8.33578335e-01, -4.26706749e-01,  8.30416661e-01,        -1.38786262e+00],       [ 5.05712096e+01,  5.03832473e+01,  5.10065371e+00,         3.85251410e-01, -1.43809730e-01,  5.90412867e-01,        -1.11481647e+00],       [ 5.03607441e+01,  5.05950000e+01,  5.08286176e+00,         1.00000000e+00, -4.37022758e-01, -1.27000000e+00,        -2.40233306e+00],       [ 5.03000000e+01,  5.01000000e+01,  5.18898229e+00,         1.00000000e+00, -1.50000000e+00, -3.02949617e-01,        -2.33557597e+00],       [ 5.03438093e+01,  5.01000000e+01,  5.25000000e+00,         1.00000000e+00, -1.50000000e+00, -1.27000000e+00,        -2.50000000e+00],       [ 5.05732213e+01,  5.03279296e+01,  5.15318753e+00,         2.13672766e-03,  1.63588832e-01, -5.22683177e-01,        -4.64612600e-01],       [ 5.03772147e+01,  5.04238677e+01,  5.00000000e+00,         5.23178023e-01, -1.00304463e+00,  4.92895186e-01,        -1.58382476e+00],       [ 5.03067121e+01,  5.03155373e+01,  5.08639896e+00,         5.08635421e-01, -9.41765180e-01, -1.06834093e-01,        -1.74568030e+00],       [ 5.03760231e+01,  5.02149068e+01,  5.11535830e+00,         8.78277277e-01, -7.93889033e-01,  1.00000000e+00,        -1.89212299e+00],       [ 5.03059766e+01,  5.04834527e+01,  5.17998875e+00,         8.75194203e-01, -1.44228248e+00,  2.81060709e-01,        -1.29666282e+00],       [ 5.04358309e+01,  5.03492427e+01,  5.12896371e+00,         3.39477605e-01, -7.72588838e-01, -1.08206915e-01,        -1.99331635e+00],       [ 5.04084637e+01,  5.02919979e+01,  5.10718724e+00,         4.32760106e-01, -7.88811324e-01,  1.00378126e-01,        -1.94968774e+00],       [ 5.04301721e+01,  5.02868203e+01,  5.11258458e+00,         4.58907854e-01, -8.53647011e-01,  7.16151741e-02,        -1.82151692e+00],       [ 5.04692315e+01,  5.04069675e+01,  5.17808042e+00,        -1.35716455e-01, -3.19946410e-01, -5.74632886e-02,        -2.47930544e+00],       [ 5.04469740e+01,  5.03810751e+01,  5.12821981e+00,         2.95480829e-01, -7.74275304e-01, -2.95832744e-01,        -2.08643949e+00],       [ 5.04392088e+01,  5.04305491e+01,  5.15055399e+00,         1.89171764e-01, -7.30056751e-01, -4.35990153e-01,        -2.03556560e+00],       [ 5.04316116e+01,  5.04605964e+01,  5.12856015e+00,         2.59323787e-01, -8.16252304e-01, -1.42281601e-01,        -1.95620947e+00],       [ 5.04333367e+01,  5.04987027e+01,  5.27364979e+00,        -4.04984537e-01,  7.89249306e-01,  1.64432925e-01,        -2.45267838e+00],       [ 5.04131783e+01,  5.06500000e+01,  5.04073520e+00,         1.53117015e-01, -1.39359161e+00, -3.46435100e-01,        -2.18582472e+00],       [ 5.04402670e+01,  5.06500000e+01,  5.12968411e+00,         4.46394186e-01, -1.18435594e+00, -6.13490296e-02,        -2.05185773e+00],       [ 5.04396312e+01,  5.06500000e+01,  5.12374723e+00,         1.51522949e-01, -1.09192167e+00,  2.01131092e-01,        -2.13123086e+00],       [ 5.05232391e+01,  5.01791976e+01,  5.13194679e+00,        -3.96816337e-01,  1.61767922e-01, -6.29071451e-01,        -2.38413038e+00],       [ 5.04039543e+01,  5.06500000e+01,  5.00282731e+00,        -6.17775593e-02, -1.50000000e+00, -6.37253262e-01,        -2.21212955e+00],       [ 5.04301831e+01,  5.05873209e+01,  5.08396071e+00,         8.88253374e-02, -1.08400512e+00, -3.29057823e-01,        -2.18390713e+00],       [ 5.04317121e+01,  5.06500000e+01,  5.10957424e+00,        -1.65882590e-01, -1.12057819e+00,  2.30256907e-02,        -2.50000000e+00],       [ 5.05831313e+01,  5.02278207e+01,  5.13778210e+00,        -6.53555790e-01, -7.35205343e-02,  3.76906700e-01,        -8.51143156e-01],       [ 5.04035614e+01,  5.06500000e+01,  5.02628598e+00,         3.01949383e-01, -1.50000000e+00, -5.07313237e-01,        -2.01983244e+00],       [ 5.04036214e+01,  5.06500000e+01,  5.03926913e+00,         3.72939218e-01, -1.44319286e+00, -3.37645665e-01,        -2.13076595e+00],       [ 5.03865104e+01,  5.06500000e+01,  5.02317144e+00,         2.55878290e-01, -1.50000000e+00, -4.36169868e-01,        -2.12146055e+00],       [ 5.05596248e+01,  5.03211543e+01,  5.09996159e+00,        -9.13249633e-01, -5.12257305e-01,  9.55395639e-02,        -1.88414284e+00],       [ 5.04261205e+01,  5.04773912e+01,  5.13693491e+00,         2.69613930e-01, -7.88410763e-01, -1.75563290e-01,        -1.88824234e+00],       [ 5.04221996e+01,  5.06500000e+01,  5.03551567e+00,         2.80841945e-01, -1.46644118e+00, -6.17099059e-01,        -1.98653406e+00],       [ 5.04366039e+01,  5.04822746e+01,  5.08440742e+00,         3.67006275e-01, -7.64785144e-01, -2.62436378e-01,        -1.82050471e+00],       [ 5.05951461e+01,  5.05449933e+01,  5.19015654e+00,         1.04838109e-01, -1.22750710e+00, -2.55863011e-01,        -8.83999704e-01],       [ 5.04111846e+01,  5.06500000e+01,  5.02961261e+00,         2.65146325e-01, -1.50000000e+00, -4.99763832e-01,        -2.11092768e+00],       [ 5.04318880e+01,  5.06500000e+01,  5.02855332e+00,         1.96536317e-01, -1.50000000e+00, -3.01144744e-01,        -2.17091308e+00],       [ 5.04551008e+01,  5.06500000e+01,  5.03691770e+00,         1.25535320e-01, -1.46035104e+00, -2.97446247e-01,        -2.16985952e+00],       [ 5.04305719e+01,  5.05203652e+01,  5.21438740e+00,         8.35515745e-01,  6.29084042e-01, -1.05675833e+00,        -1.58557200e+00],       [ 5.03588228e+01,  5.06500000e+01,  5.00000000e+00,         9.36552253e-01, -1.50000000e+00, -1.18511295e+00,        -2.50000000e+00],       [ 5.04081168e+01,  5.04711646e+01,  5.13256892e+00,         1.49536753e-01, -8.53623242e-01,  6.86154454e-02,        -1.78920977e+00],       [ 5.04685670e+01,  5.06500000e+01,  5.00000000e+00,         1.00000000e+00, -1.50000000e+00, -1.00264346e+00,        -2.69832440e-01],       [ 5.03081296e+01,  5.02278578e+01,  5.26461077e+00,        -8.16008794e-02,  2.91683469e-02, -8.30277712e-01,        -2.44520259e+00],       [ 5.03927088e+01,  5.06500000e+01,  5.02494952e+00,         2.76191483e-01, -1.50000000e+00, -4.68446884e-01,        -1.95286217e+00],       [ 5.03887741e+01,  5.06500000e+01,  5.03417527e+00,         2.72337511e-01, -1.50000000e+00, -5.65466996e-01,        -1.87893217e+00],       [ 5.04256216e+01,  5.06500000e+01,  5.00754625e+00,         4.50466604e-01, -1.50000000e+00, -5.94822964e-01,        -1.93165729e+00],       [ 5.04439970e+01,  5.04578386e+01,  5.09942346e+00,         3.79545762e-01, -1.23306786e+00,  4.91869605e-02,        -1.50671031e+00],       [ 5.03625860e+01,  5.06500000e+01,  5.05543761e+00,         1.53619900e-01, -1.30174350e+00, -2.07097988e-01,        -2.06363914e+00],       [ 5.04489736e+01,  5.04730795e+01,  5.12131926e+00,         2.14751410e-01, -7.34971881e-01,  4.51010136e-02,        -1.96819979e+00],       [ 5.04271450e+01,  5.04272908e+01,  5.12588680e+00,         2.49520716e-01, -7.59731017e-01,  4.81809856e-02,        -1.91084731e+00],       [ 5.05220337e+01,  5.06464265e+01,  5.23806268e+00,         1.00948570e-01, -3.87241777e-01, -2.44581916e-02,        -1.16531358e+00],       [ 5.03920084e+01,  5.06500000e+01,  5.01621644e+00,         1.81167619e-01, -1.38130978e+00, -4.78549686e-01,        -2.50000000e+00],       [ 5.04277838e+01,  5.04416262e+01,  5.12243663e+00,         2.87525125e-01, -9.01006933e-01, -3.36919813e-01,        -1.92703881e+00],       [ 5.04055947e+01,  5.06500000e+01,  5.06831158e+00,         1.53701363e-01, -1.50000000e+00, -7.18432135e-01,        -2.24439177e+00],       [ 5.03980465e+01,  5.03384244e+01,  5.15662992e+00,         7.88697676e-01,  2.84592180e-01,  9.31645417e-01,        -1.03507252e+00],       [ 5.04243539e+01,  5.06500000e+01,  5.03025275e+00,         3.76278845e-01, -1.50000000e+00, -4.87071665e-01,        -1.99110923e+00],       [ 5.04058864e+01,  5.06500000e+01,  5.04049925e+00,         1.56655108e-01, -1.43209119e+00, -3.33912934e-01,        -2.08798150e+00],       [ 5.04550283e+01,  5.06500000e+01,  5.03764409e+00,         5.19393766e-01, -1.50000000e+00, -5.36499969e-01,        -2.05792833e+00],       [ 5.04999362e+01,  5.01511407e+01,  5.19044515e+00,        -4.29094376e-01, -1.28526071e+00,  5.12195795e-01,        -7.57102212e-01],       [ 5.04043688e+01,  5.06500000e+01,  5.02354078e+00,         2.91661061e-01, -1.50000000e+00, -4.78028829e-01,        -2.01102395e+00],       [ 5.04097365e+01,  5.06500000e+01,  5.02351660e+00,         3.00858819e-01, -1.40424557e+00, -4.26972775e-01,        -2.01177028e+00],       [ 5.03950386e+01,  5.06500000e+01,  5.00808859e+00,         4.46984455e-01, -1.50000000e+00, -8.12224560e-01,        -2.07791096e+00],       [ 5.05556794e+01,  5.04664320e+01,  5.18946149e+00,         6.71825509e-01, -8.61344247e-01, -5.66437039e-01,        -1.06295455e+00],       [ 5.04470551e+01,  5.06500000e+01,  5.07093605e+00,         2.49153773e-01, -1.30114181e+00, -5.82511686e-01,        -2.26895539e+00],       [ 5.04279264e+01,  5.04604289e+01,  5.13652148e+00,         2.48477037e-01, -7.45147973e-01, -6.39397383e-02,        -1.91129392e+00],       [ 5.03000000e+01,  5.06500000e+01,  5.16366755e+00,        -5.48950533e-02, -1.50000000e+00, -7.12664919e-01,        -2.69832440e-01],       [ 5.03226306e+01,  5.06110211e+01,  5.21878495e+00,        -2.76472805e-01,  3.88797274e-01,  8.67283685e-01,        -8.97493921e-01],       [ 5.04071753e+01,  5.06500000e+01,  5.05811196e+00,         1.69442566e-01, -1.27993918e+00, -1.91109428e-01,        -2.32073756e+00],       [ 5.04234143e+01,  5.04572470e+01,  5.12704175e+00,         2.89116563e-01, -8.76749384e-01, -2.07161876e-01,        -2.01637384e+00],       [ 5.04030584e+01,  5.06500000e+01,  5.02690650e+00,         2.95313449e-01, -1.49821987e+00, -5.25467284e-01,        -2.01833085e+00],       [ 5.05345878e+01,  5.03219609e+01,  5.06103994e+00,         3.67048164e-01,  2.61955576e-01,  6.76903914e-01,        -1.87545746e+00],       [ 5.04541196e+01,  5.06500000e+01,  5.10419833e+00,         1.58418715e-01, -1.11777311e+00, -2.81225567e-01,        -2.07479573e+00],       [ 5.04382545e+01,  5.04451116e+01,  5.13145274e+00,         2.45861256e-01, -7.74063189e-01, -1.38115516e-01,        -1.92009837e+00],       [ 5.04513770e+01,  5.06500000e+01,  5.11960808e+00,         1.71829247e-01, -1.42070889e+00, -3.57973211e-01,        -1.93839974e+00],       [ 5.04085169e+01,  5.04195728e+01,  5.05076770e+00,        -3.34772107e-01, -9.60300828e-01, -1.03782504e+00,        -1.71622580e+00],       [ 5.04047809e+01,  5.06500000e+01,  5.04409030e+00,         3.63695896e-01, -1.50000000e+00, -5.57258291e-01,        -2.07833337e+00],       [ 5.04242641e+01,  5.04753773e+01,  5.12804389e+00,         2.71410452e-01, -8.49596180e-01, -1.19402684e-01,        -1.99728360e+00],       [ 5.04052662e+01,  5.06378601e+01,  5.03028526e+00,         3.18808437e-01, -1.50000000e+00, -5.04491176e-01,        -2.04879824e+00],       [ 5.04170518e+01,  5.06491278e+01,  5.19042520e+00,        -7.59222097e-01, -6.91951587e-01, -2.05493984e-01,        -1.95663574e+00],       [ 5.04094866e+01,  5.06500000e+01,  5.00352286e+00,         2.92659979e-01, -1.50000000e+00, -5.13686600e-01,        -2.01150933e+00],       [ 5.04323903e+01,  5.04773287e+01,  5.11856001e+00,         2.27896491e-01, -8.06403788e-01, -8.62671698e-02,        -1.92832946e+00],       [ 5.03635019e+01,  5.03750000e+01,  5.00000000e+00,        -6.98050617e-01, -6.86611881e-01,  4.04532056e-01,        -2.13227103e+00],       [ 5.06148644e+01,  5.01421499e+01,  5.03996577e+00,        -8.51718887e-01, -2.24761139e-01, -1.28264930e+00,        -1.77513746e+00],       [ 5.04509509e+01,  5.04880226e+01,  5.13072300e+00,         2.72924850e-01, -7.97419941e-01, -2.28202516e-01,        -1.99309013e+00],       [ 5.03917121e+01,  5.06500000e+01,  5.03999548e+00,         1.66022191e-01, -1.50000000e+00, -6.00568311e-01,        -2.31187887e+00],       [ 5.04412046e+01,  5.03957594e+01,  5.08110266e+00,         7.39326172e-01, -8.15377643e-01, -5.85604539e-02,        -2.21627891e+00],       [ 5.05823137e+01,  5.05765371e+01,  5.03752239e+00,        -3.25849839e-01, -1.00549597e+00,  5.49048876e-01,        -1.02318180e+00],       [ 5.05785614e+01,  5.06500000e+01,  5.07754956e+00,         9.00054728e-01, -1.20304688e+00, -4.98447413e-01,        -2.50000000e+00],       [ 5.04394153e+01,  5.04559642e+01,  5.12752006e+00,         2.69140952e-01, -8.06688780e-01, -1.47068431e-01,        -1.90401836e+00],       [ 5.03000000e+01,  5.06500000e+01,  5.16334723e+00,        -4.87588402e-02, -9.44704239e-01, -4.05130190e-01,        -2.50000000e+00],       [ 5.06021206e+01,  5.05167998e+01,  5.25764174e+00,        -3.29827478e-01,  3.67592774e-01, -2.74495337e-01,        -1.77353171e+00],       [ 5.04055594e+01,  5.06500000e+01,  5.03094146e+00,         1.42313031e-01, -1.44209545e+00, -3.61693977e-01,        -2.22625107e+00],       [ 5.04537987e+01,  5.06395532e+01,  5.09581477e+00,        -1.00721878e-01, -4.86624261e-01,  4.89414545e-01,        -1.57617564e+00],       [ 5.05785614e+01,  5.05208205e+01,  5.03940874e+00,         8.24342553e-01, -1.50000000e+00,  3.74140562e-01,        -8.03120539e-01],       [ 5.06273909e+01,  5.06474229e+01,  5.21068778e+00,         2.40199819e-02,  7.05938351e-02,  4.31827081e-01,        -2.48702924e+00],       [ 5.04876583e+01,  5.04384187e+01,  5.08000584e+00,         3.58573173e-01, -8.33691505e-01, -2.90847008e-01,        -2.50000000e+00],       [ 5.04016397e+01,  5.03750000e+01,  5.06081615e+00,         5.60609562e-01, -6.04143492e-01,  2.59276519e-01,        -8.92163354e-01],       [ 5.04142296e+01,  5.06500000e+01,  5.02202034e+00,         6.34783027e-02, -1.50000000e+00, -4.23748577e-01,        -2.32089858e+00],       [ 5.03429174e+01,  5.04711222e+01,  5.28594461e+00,        -4.70891626e-01,  2.54149676e-01,  5.40190751e-01,        -1.38220903e+00],       [ 5.04366478e+01,  5.04282961e+01,  5.14667689e+00,         2.45146400e-01, -7.84567689e-01, -2.61239372e-01,        -2.20228851e+00],       [ 5.04451230e+01,  5.04321254e+01,  5.12909035e+00,         2.37233966e-01, -7.55501304e-01, -1.22606369e-01,        -1.81125797e+00],       [ 5.04340957e+01,  5.04681325e+01,  5.15279482e+00,         2.21583792e-01, -1.00971748e+00, -1.62913038e-01,        -2.16267032e+00],       [ 5.06053072e+01,  5.01756299e+01,  5.05400331e+00,        -3.27430403e-01,  8.59756483e-01,  3.61355328e-01,        -1.36358545e+00],       [ 5.04309711e+01,  5.04587187e+01,  5.17050350e+00,         2.42281420e-01, -8.02479868e-01, -2.69646327e-01,        -2.50000000e+00],       [ 5.04401543e+01,  5.04237898e+01,  5.17914428e+00,         2.45973090e-01, -7.91364645e-01, -3.90898080e-01,        -2.50000000e+00],       [ 5.04274617e+01,  5.04414976e+01,  5.17431657e+00,         2.23006546e-01, -8.53818369e-01, -2.81815003e-01,        -2.50000000e+00],       [ 5.04660187e+01,  5.06241717e+01,  5.21129420e+00,         7.02892090e-01, -1.10070185e-01,  8.36856243e-01,        -7.78096727e-01],       [ 5.04445946e+01,  5.04883975e+01,  5.15438403e+00,         3.11022800e-01, -6.12791727e-01, -1.53309593e-01,        -2.45702680e+00],       [ 5.04213435e+01,  5.04133716e+01,  5.17146929e+00,         3.79133601e-01, -6.96597176e-01, -4.58851255e-01,        -2.50000000e+00],       [ 5.04303445e+01,  5.04788128e+01,  5.14774680e+00,         4.20217217e-01, -7.23387992e-01, -2.21866707e-01,        -2.50000000e+00],       [ 5.06298060e+01,  5.05880297e+01,  5.12198920e+00,         5.19917742e-01, -1.07090707e+00,  5.93756453e-01,        -2.49256518e+00],       [ 5.04425555e+01,  5.04377351e+01,  5.14270864e+00,         2.25181076e-01, -7.68354971e-01, -2.33619288e-01,        -2.17531242e+00],       [ 5.04417613e+01,  5.04377567e+01,  5.14819057e+00,         2.34455122e-01, -7.87293567e-01, -2.49350030e-01,        -2.23473814e+00],       [ 5.04382628e+01,  5.04375732e+01,  5.14376531e+00,         2.49555055e-01, -7.91731119e-01, -2.34936400e-01,        -2.20335244e+00],       [ 5.05223831e+01,  5.03838655e+01,  5.00750676e+00,         5.35250265e-01, -6.32643914e-02,  1.72372614e-01,        -1.80379947e+00],       [ 5.04411366e+01,  5.04533335e+01,  5.14743836e+00,         2.44840440e-01, -8.16903957e-01, -2.74454699e-01,        -2.24626036e+00],       [ 5.04402176e+01,  5.04487541e+01,  5.15263587e+00,         2.81948128e-01, -8.51816172e-01, -2.31889562e-01,        -2.34455366e+00],       [ 5.04497040e+01,  5.04635238e+01,  5.14998574e+00,         3.05598415e-01, -8.84414708e-01, -1.95651941e-01,        -2.34240535e+00],       [ 5.04837041e+01,  5.04939264e+01,  5.06913015e+00,         6.26581301e-01,  1.07009428e-01,  8.21179699e-01,        -2.38554508e+00],       [ 5.04383403e+01,  5.04419566e+01,  5.14055024e+00,         2.47723204e-01, -8.35470310e-01, -2.63134193e-01,        -2.22831782e+00],       [ 5.04334777e+01,  5.04453601e+01,  5.14280625e+00,         2.55310017e-01, -7.82067299e-01, -2.15710821e-01,        -2.23679454e+00],       [ 5.04321702e+01,  5.04349947e+01,  5.13853962e+00,         2.51613975e-01, -7.76148074e-01, -2.09480548e-01,        -2.17171157e+00],       [ 5.04669221e+01,  5.03282096e+01,  5.23152173e+00,        -2.33025240e-01, -3.47040358e-01,  9.97378856e-01,        -1.39990565e+00],       [ 5.04476060e+01,  5.04435081e+01,  5.16690753e+00,         2.57621075e-01, -7.74242200e-01, -2.88702734e-01,        -2.29947837e+00],       [ 5.04518563e+01,  5.04521070e+01,  5.15306900e+00,         2.39926439e-01, -8.08051542e-01, -2.38134252e-01,        -2.23180673e+00],       [ 5.04422412e+01,  5.04485338e+01,  5.15412424e+00,         2.43012764e-01, -7.72467841e-01, -2.67141234e-01,        -2.23423516e+00],       [ 5.05682193e+01,  5.04997069e+01,  5.00619853e+00,         7.12662956e-01, -1.47401471e+00,  1.99026232e-01,        -1.25770490e+00],       [ 5.04478595e+01,  5.04630684e+01,  5.13542695e+00,         1.97415968e-01, -7.53624645e-01, -3.52992910e-01,        -2.20241852e+00],       [ 5.04687951e+01,  5.04859984e+01,  5.14964342e+00,         2.06216828e-01, -8.48665297e-01, -2.45999846e-01,        -2.29290786e+00],       [ 5.04526107e+01,  5.04524905e+01,  5.15242289e+00,         2.47609739e-01, -8.22643569e-01, -2.13738545e-01,        -2.22149831e+00],       [ 5.05161475e+01,  5.04089404e+01,  5.24375104e+00,         9.76978816e-01, -5.77041680e-01,  5.56276107e-01,        -2.41813433e+00],       [ 5.04594454e+01,  5.04338710e+01,  5.15302281e+00,         2.32312546e-01, -8.08694078e-01, -2.39966577e-01,        -2.29756622e+00],       [ 5.04359875e+01,  5.04304886e+01,  5.14950749e+00,         2.55582688e-01, -8.02928353e-01, -2.69868173e-01,        -2.21251254e+00],       [ 5.04363724e+01,  5.04245157e+01,  5.14113363e+00,         2.50153121e-01, -7.60711644e-01, -2.34115438e-01,        -2.18866700e+00],       [ 5.05181140e+01,  5.06258808e+01,  5.25342777e+00,         8.31225143e-01, -2.15637098e-01,  5.54382634e-01,        -9.33116468e-01],       [ 5.04508351e+01,  5.04739421e+01,  5.16701918e+00,         2.23192759e-01, -9.36251313e-01, -3.27418864e-01,        -2.40137857e+00],       [ 5.04454199e+01,  5.04484762e+01,  5.15077833e+00,         2.26655131e-01, -7.98503315e-01, -2.85308442e-01,        -2.31240265e+00],       [ 5.04420874e+01,  5.04412582e+01,  5.15011247e+00,         2.40224139e-01, -8.00954296e-01, -2.32364194e-01,        -2.21392035e+00],       [ 5.06015733e+01,  5.03281101e+01,  5.06272749e+00,         6.13348515e-01, -2.84352957e-01, -4.93625036e-02,        -1.09109585e+00],       [ 5.04470638e+01,  5.04429223e+01,  5.14944196e+00,         2.36949630e-01, -8.10312373e-01, -2.55846302e-01,        -2.25494855e+00],       [ 5.04477798e+01,  5.04512595e+01,  5.14748062e+00,         2.29663120e-01, -8.02165303e-01, -2.34596751e-01,        -2.25827003e+00],       [ 5.04443901e+01,  5.04396449e+01,  5.14790000e+00,         2.42411171e-01, -7.97740346e-01, -2.37795209e-01,        -2.22589717e+00],       [ 5.06145630e+01,  5.04555538e+01,  5.13857631e+00,         7.70427838e-01,  1.62306702e-01,  2.60080307e-01,        -1.27032941e+00],       [ 5.04521246e+01,  5.04417222e+01,  5.14932450e+00,         2.52615269e-01, -8.02925412e-01, -2.37840276e-01,        -2.24212019e+00],       [ 5.04435718e+01,  5.04462072e+01,  5.14797006e+00,         2.36273972e-01, -8.00802066e-01, -2.53835149e-01,        -2.25565456e+00],       [ 5.04524798e+01,  5.04417479e+01,  5.14331150e+00,         2.22163502e-01, -7.90239166e-01, -2.97706354e-01,        -2.25391136e+00],       [ 5.05246618e+01,  5.04085627e+01,  5.06898168e+00,         3.63830773e-01, -8.45865159e-01, -3.70252867e-01,        -8.79355768e-01],       [ 5.04370045e+01,  5.04377556e+01,  5.14579072e+00,         2.53847166e-01, -7.78161841e-01, -2.04186938e-01,        -2.20842828e+00],       [ 5.04437943e+01,  5.04497152e+01,  5.14601128e+00,         2.28331004e-01, -7.99995355e-01, -2.42793473e-01,        -2.24669751e+00],       [ 5.04414558e+01,  5.04425904e+01,  5.14687949e+00,         2.45519249e-01, -7.92120020e-01, -2.27530314e-01,        -2.20814672e+00],       [ 5.04834603e+01,  5.05593339e+01,  5.01931904e+00,         3.18692568e-01, -1.42507379e+00,  1.05908675e-01,        -1.73578908e+00],       [ 5.04613245e+01,  5.04469301e+01,  5.14957088e+00,         2.26645231e-01, -8.12671223e-01, -3.08323903e-01,        -2.24034514e+00],       [ 5.04429137e+01,  5.04470788e+01,  5.14723736e+00,         2.32863063e-01, -8.06315510e-01, -3.01507934e-01,        -2.27062811e+00],       [ 5.04404080e+01,  5.04434766e+01,  5.14548057e+00,         2.44440880e-01, -7.99236707e-01, -2.58894810e-01,        -2.21348613e+00],       [ 5.05912746e+01,  5.03445558e+01,  5.19733863e+00,         8.62032866e-01, -9.79888909e-01,  1.02653018e-01,        -1.73068116e+00],       [ 5.04440896e+01,  5.04577359e+01,  5.14692099e+00,         2.26191487e-01, -8.41123783e-01, -3.36373808e-01,        -2.29823353e+00],       [ 5.04392065e+01,  5.04363140e+01,  5.14552731e+00,         2.44401625e-01, -8.02327964e-01, -3.24726689e-01,        -2.25845752e+00],       [ 5.04703322e+01,  5.04679659e+01,  5.15270770e+00,         2.12845294e-01, -8.13325914e-01, -4.13781955e-01,        -2.40229694e+00],       [ 5.05173609e+01,  5.05310785e+01,  5.02110154e+00,         1.35755169e-03,  1.30709363e-01,  8.43103913e-01,        -1.20031989e+00],       [ 5.04557370e+01,  5.04359497e+01,  5.14997770e+00,         2.44377295e-01, -7.82834793e-01, -2.14972926e-01,        -2.20241479e+00],       [ 5.04375498e+01,  5.04410510e+01,  5.14519895e+00,         2.43241880e-01, -7.98818136e-01, -3.30234199e-01,        -2.27279697e+00],       [ 5.04380670e+01,  5.04378188e+01,  5.14510002e+00,         2.46575150e-01, -7.96306664e-01, -2.63212689e-01,        -2.20732246e+00],       [ 5.05952626e+01,  5.04055402e+01,  5.13767883e+00,         8.49367515e-01, -1.03166241e-01, -4.80828405e-01,        -2.45164840e+00],       [ 5.04387506e+01,  5.04402496e+01,  5.14387356e+00,         2.47066734e-01, -7.97056325e-01, -2.45940292e-01,        -2.20197068e+00],       [ 5.04353414e+01,  5.04349470e+01,  5.14274475e+00,         2.50682155e-01, -7.99486421e-01, -2.98542228e-01,        -2.21766623e+00],       [ 5.04349725e+01,  5.04354365e+01,  5.14268108e+00,         2.52355034e-01, -7.93192344e-01, -2.78059865e-01,        -2.19341257e+00],       [ 5.05960931e+01,  5.03531622e+01,  5.25180567e+00,        -3.91420917e-01, -1.09691107e+00, -4.83082021e-01,        -9.77053885e-01],       [ 5.04388922e+01,  5.04426974e+01,  5.14333700e+00,         2.46786749e-01, -7.97505827e-01, -2.42589086e-01,        -2.20696409e+00],       [ 5.04458246e+01,  5.04525418e+01,  5.14811415e+00,         2.30582399e-01, -8.00999644e-01, -3.08585236e-01,        -2.32084754e+00],       [ 5.04447898e+01,  5.04466253e+01,  5.14836625e+00,         2.42292636e-01, -7.93118707e-01, -2.23233769e-01,        -2.23362068e+00],       [ 5.04897425e+01,  5.05946607e+01,  5.08038987e+00,        -2.78851403e-01, -2.65835402e-01, -6.47673006e-01,        -8.19122189e-01],       [ 5.04471597e+01,  5.04318410e+01,  5.15400610e+00,         2.32594986e-01, -8.19942394e-01, -2.94574378e-01,        -2.23615714e+00],       [ 5.04435174e+01,  5.04343104e+01,  5.15057105e+00,         2.44073562e-01, -8.15031951e-01, -3.29619076e-01,        -2.22777906e+00],       [ 5.04484159e+01,  5.04448334e+01,  5.15265650e+00,         2.19525315e-01, -7.99701137e-01, -2.81784296e-01,        -2.26551237e+00],       [ 5.04977747e+01,  5.06198949e+01,  5.04602139e+00,         7.28501939e-01, -6.20879241e-01, -1.32649946e-01,        -1.24401438e+00],       [ 5.04404266e+01,  5.04353681e+01,  5.14533640e+00,         2.46038841e-01, -7.93567789e-01, -2.74013070e-01,        -2.19334825e+00],       [ 5.04403358e+01,  5.04399652e+01,  5.14804786e+00,         2.40366046e-01, -8.05515447e-01, -2.97417906e-01,        -2.22185749e+00],       [ 5.04385756e+01,  5.04322725e+01,  5.14832803e+00,         2.38701298e-01, -7.99168205e-01, -2.94011106e-01,        -2.22756249e+00],       [ 5.06400962e+01,  5.03649762e+01,  5.05382631e+00,         6.52506957e-01, -9.31387236e-01, -2.18611530e-01,        -2.09388251e+00],       [ 5.04415669e+01,  5.04328962e+01,  5.14598208e+00,         2.43695388e-01, -7.92784911e-01, -2.88429152e-01,        -2.19371243e+00],       [ 5.04398141e+01,  5.04354534e+01,  5.14806116e+00,         2.36339750e-01, -7.98925712e-01, -3.10511768e-01,        -2.22824392e+00],       [ 5.04407961e+01,  5.04447855e+01,  5.14837629e+00,         2.33865385e-01, -8.03474865e-01, -3.27912551e-01,        -2.24232125e+00],       [ 5.05694107e+01,  5.03541374e+01,  5.10369733e+00,         8.41072846e-01,  3.12823288e-01,  1.12104673e-02,        -1.87127592e+00],       [ 5.04427812e+01,  5.04361884e+01,  5.14797717e+00,         2.34570703e-01, -8.00917470e-01, -3.07828471e-01,        -2.23366830e+00],       [ 5.04396794e+01,  5.04346406e+01,  5.14683961e+00,         2.38770807e-01, -7.96700432e-01, -2.95660088e-01,        -2.23179968e+00],       [ 5.04402161e+01,  5.04372516e+01,  5.14624362e+00,         2.39897921e-01, -7.99709198e-01, -2.94188449e-01,        -2.22248852e+00],       [ 5.06126136e+01,  5.01753860e+01,  5.14284590e+00,        -6.37446449e-03,  8.95179511e-01, -2.46255832e-01,        -8.84480150e-01],       [ 5.04413487e+01,  5.04367056e+01,  5.14898492e+00,         2.37058285e-01, -8.01489097e-01, -3.04199959e-01,        -2.23984563e+00],       [ 5.04397640e+01,  5.04427390e+01,  5.14559503e+00,         2.42131562e-01, -7.97616994e-01, -2.80542004e-01,        -2.23258090e+00],       [ 5.04403541e+01,  5.04367769e+01,  5.14549342e+00,         2.43171939e-01, -7.95012134e-01, -2.73159425e-01,        -2.21537460e+00],       [ 5.05311089e+01,  5.04504583e+01,  5.04035512e+00,         7.00927004e-01, -8.55072735e-02, -7.16940437e-01,        -2.07270235e+00],       [ 5.04404068e+01,  5.04362308e+01,  5.14887876e+00,         2.37509497e-01, -8.00893328e-01, -3.03716270e-01,        -2.23667225e+00],       [ 5.04436682e+01,  5.04426732e+01,  5.14643013e+00,         2.35460286e-01, -7.97995260e-01, -3.15544608e-01,        -2.21414377e+00],       [ 5.04406620e+01,  5.04377368e+01,  5.14551629e+00,         2.41328770e-01, -7.91887821e-01, -2.76900304e-01,        -2.20943319e+00],       [ 5.04153489e+01,  5.04158184e+01,  5.21112509e+00,         5.01872250e-01,  2.32963411e-01,  4.85964343e-01,        -1.10137767e+00],       [ 5.04379442e+01,  5.04380679e+01,  5.14916636e+00,         2.39615031e-01, -8.04661232e-01, -3.02712087e-01,        -2.24443151e+00],       [ 5.04380528e+01,  5.04357138e+01,  5.14679960e+00,         2.40738751e-01, -7.99085401e-01, -2.89952481e-01,        -2.24033427e+00],       [ 5.04392179e+01,  5.04346049e+01,  5.14635665e+00,         2.43320628e-01, -8.00266575e-01, -2.85503025e-01,        -2.21920867e+00],       [ 5.04039319e+01,  5.01187582e+01,  5.08592188e+00,         1.72708935e-01,  8.91968934e-01, -5.03337570e-01,        -7.56061663e-01],       [ 5.04364947e+01,  5.04393429e+01,  5.15013660e+00,         2.41096273e-01, -8.11151845e-01, -3.06580864e-01,        -2.25578284e+00],       [ 5.04368051e+01,  5.04291137e+01,  5.14700883e+00,         2.43146339e-01, -7.98251178e-01, -3.20451661e-01,        -2.26295448e+00],       [ 5.04386781e+01,  5.04363890e+01,  5.14551274e+00,         2.42410647e-01, -7.99293139e-01, -2.79076645e-01,        -2.21612019e+00],       [ 5.06297895e+01,  5.01484062e+01,  5.01358018e+00,         4.54251205e-01,  2.24145927e-01,  6.00417998e-01,        -2.75257099e-01],       [ 5.06148141e+01,  5.03021236e+01,  5.20072580e+00,         1.86169306e-01, -9.16981611e-01, -9.41113379e-01,        -2.50000000e+00],       [ 5.04915555e+01,  5.03754802e+01,  5.19095400e+00,         1.86007534e-01, -7.80867370e-01, -6.65277674e-01,        -2.50000000e+00],       [ 5.04400586e+01,  5.04309535e+01,  5.14551256e+00,         2.39988509e-01, -7.93086231e-01, -2.93124284e-01,        -2.21053215e+00],       [ 5.06124545e+01,  5.05775039e+01,  5.14236900e+00,         2.47036015e-01, -3.60081212e-02,  9.91363823e-01,        -7.56762541e-01],       [ 5.04390748e+01,  5.04386856e+01,  5.14909707e+00,         2.37684940e-01, -8.06554851e-01, -2.99010179e-01,        -2.24791504e+00],       [ 5.04414314e+01,  5.04341870e+01,  5.14608042e+00,         2.40300519e-01, -7.99095925e-01, -2.96173244e-01,        -2.22251628e+00],       [ 5.04391255e+01,  5.04373318e+01,  5.14994751e+00,         2.25857010e-01, -7.93637169e-01, -2.88365709e-01,        -2.27803866e+00],       [ 5.05743649e+01,  5.04023311e+01,  5.16212191e+00,         9.43336228e-02,  4.18499567e-01, -7.49433620e-01,        -2.34896697e+00],       [ 5.04602173e+01,  5.04483640e+01,  5.15102316e+00,         2.13999974e-01, -7.91603749e-01, -2.65782514e-01,        -2.29148494e+00],       [ 5.04322953e+01,  5.04364421e+01,  5.14979280e+00,         2.42777659e-01, -7.99691813e-01, -3.38431030e-01,        -2.29412015e+00],       [ 5.04399624e+01,  5.04516135e+01,  5.15168085e+00,         2.33870217e-01, -8.12538120e-01, -2.84351340e-01,        -2.28074089e+00]])
all_costs=array([-8.77324728e+01, -0.00000000e+00, -0.00000000e+00, -0.00000000e+00,       -0.00000000e+00, -0.00000000e+00, -0.00000000e+00, -0.00000000e+00,       -0.00000000e+00, -0.00000000e+00, -0.00000000e+00, -0.00000000e+00,       -0.00000000e+00, -0.00000000e+00, -7.72831642e+01, -1.83649679e+01,       -0.00000000e+00, -0.00000000e+00, -1.32913805e+02, -0.00000000e+00,       -3.43945310e+02, -0.00000000e+00, -3.71257818e+02, -0.00000000e+00,       -0.00000000e+00, -0.00000000e+00, -0.00000000e+00, -0.00000000e+00,       -0.00000000e+00, -0.00000000e+00, -4.47349622e+02, -0.00000000e+00,       -0.00000000e+00, -0.00000000e+00, -1.13235635e+02, -0.00000000e+00,       -0.00000000e+00, -1.77338966e+01, -0.00000000e+00, -0.00000000e+00,       -0.00000000e+00, -0.00000000e+00, -0.00000000e+00, -0.00000000e+00,       -0.00000000e+00, -0.00000000e+00, -0.00000000e+00, -0.00000000e+00,       -0.00000000e+00, -0.00000000e+00, -0.00000000e+00, -0.00000000e+00,       -3.18005897e+01, -0.00000000e+00, -0.00000000e+00, -0.00000000e+00,       -0.00000000e+00, -0.00000000e+00, -0.00000000e+00, -0.00000000e+00,       -0.00000000e+00, -0.00000000e+00, -0.00000000e+00, -0.00000000e+00,       -0.00000000e+00, -0.00000000e+00, -0.00000000e+00, -0.00000000e+00,       -0.00000000e+00, -0.00000000e+00, -0.00000000e+00, -0.00000000e+00,       -0.00000000e+00, -0.00000000e+00, -0.00000000e+00, -5.17301337e+01,       -0.00000000e+00, -0.00000000e+00, -0.00000000e+00, -0.00000000e+00,       -0.00000000e+00, -0.00000000e+00, -0.00000000e+00, -8.55143529e+01,       -0.00000000e+00, -0.00000000e+00, -0.00000000e+00, -0.00000000e+00,       -0.00000000e+00, -0.00000000e+00, -0.00000000e+00, -0.00000000e+00,       -0.00000000e+00, -0.00000000e+00, -0.00000000e+00, -0.00000000e+00,       -0.00000000e+00, -0.00000000e+00, -0.00000000e+00, -0.00000000e+00,       -0.00000000e+00, -0.00000000e+00, -4.72057022e+03, -8.89600514e+01,       -0.00000000e+00, -0.00000000e+00, -2.85297259e+03, -2.55144542e+03,       -2.05420734e+02, -0.00000000e+00, -0.00000000e+00, -0.00000000e+00,       -0.00000000e+00, -0.00000000e+00, -9.61410595e+02, -4.94294911e+03,       -6.34589808e+03, -0.00000000e+00, -5.16384864e+03, -2.21929809e+02,       -0.00000000e+00, -4.35644878e+02, -1.50217182e+03, -3.39276246e+03,       -3.56207383e+03, -0.00000000e+00, -3.26025647e+02, -5.63873349e+03,       -2.04037602e+02, -0.00000000e+00, -0.00000000e+00, -6.69662223e+01,       -3.42760708e+03, -0.00000000e+00, -4.39649217e+03, -5.20666937e+03,       -6.80714668e+02, -0.00000000e+00, -0.00000000e+00, -5.76448014e+03,       -5.80595832e+03, -0.00000000e+00, -5.00077549e+03, -5.66093876e+03,       -5.55790443e+03, -0.00000000e+00, -4.19587525e+03, -6.00612951e+03,       -5.25679938e+03, -0.00000000e+00, -3.10859829e+03, -4.96265076e+03,       -4.63217717e+03, -0.00000000e+00, -4.80230502e+03, -5.96261777e+03,       -6.00275432e+03, -0.00000000e+00, -5.22806687e+02, -5.98177566e+03,       -3.43005873e+03, -0.00000000e+00, -2.35131853e+03, -5.83987090e+03,       -6.33563973e+03, -0.00000000e+00, -6.46751646e+03, -0.00000000e+00,       -0.00000000e+00, -1.20072530e+03, -1.91543717e+03, -7.20184231e-04,       -1.94875431e+03, -0.00000000e+00, -3.76342588e+03, -4.38007781e+03,       -5.88128747e+03, -0.00000000e+00, -6.44830106e+03, -6.15162721e+03,       -6.40998611e+03, -0.00000000e+00, -5.74613049e+03, -6.81621699e+03,       -4.86234517e+03, -0.00000000e+00, -6.15105124e+03, -5.85313289e+03,       -6.53700583e+03, -0.00000000e+00, -6.17963175e+03, -6.04639073e+03,       -6.13177050e+03, -0.00000000e+00, -6.26588487e+03, -5.02731250e+03,       -4.68272507e+03, -0.00000000e+00, -6.48312503e+03, -6.05186088e+03,       -6.14914970e+03, -0.00000000e+00, -5.46644591e+03, -6.30707875e+03,       -5.82031522e+03, -0.00000000e+00, -0.00000000e+00, -0.00000000e+00,       -5.81924477e+03, -0.00000000e+00, -4.98999639e+03, -6.18800364e+03,       -6.33256257e+03, -0.00000000e+00, -2.80088790e+03, -5.18255087e+03,       -5.57985246e+03])
all_uncers=array([1.e-08, 1.e-08, 1.e-08, 1.e-08, 1.e-08, 1.e-08, 1.e-08, 1.e-08,       1.e-08, 1.e-08, 1.e-08, 1.e-08, 1.e-08, 1.e-08, 1.e-08, 1.e-08,       1.e-08, 1.e-08, 1.e-08, 1.e-08, 1.e-08, 1.e-08, 1.e-08, 1.e-08,       1.e-08, 1.e-08, 1.e-08, 1.e-08, 1.e-08, 1.e-08, 1.e-08, 1.e-08,       1.e-08, 1.e-08, 1.e-08, 1.e-08, 1.e-08, 1.e-08, 1.e-08, 1.e-08,       1.e-08, 1.e-08, 1.e-08, 1.e-08, 1.e-08, 1.e-08, 1.e-08, 1.e-08,       1.e-08, 1.e-08, 1.e-08, 1.e-08, 1.e-08, 1.e-08, 1.e-08, 1.e-08,       1.e-08, 1.e-08, 1.e-08, 1.e-08, 1.e-08, 1.e-08, 1.e-08, 1.e-08,       1.e-08, 1.e-08, 1.e-08, 1.e-08, 1.e-08, 1.e-08, 1.e-08, 1.e-08,       1.e-08, 1.e-08, 1.e-08, 1.e-08, 1.e-08, 1.e-08, 1.e-08, 1.e-08,       1.e-08, 1.e-08, 1.e-08, 1.e-08, 1.e-08, 1.e-08, 1.e-08, 1.e-08,       1.e-08, 1.e-08, 1.e-08, 1.e-08, 1.e-08, 1.e-08, 1.e-08, 1.e-08,       1.e-08, 1.e-08, 1.e-08, 1.e-08, 1.e-08, 1.e-08, 1.e-08, 1.e-08,       1.e-08, 1.e-08, 1.e-08, 1.e-08, 1.e-08, 1.e-08, 1.e-08, 1.e-08,       1.e-08, 1.e-08, 1.e-08, 1.e-08, 1.e-08, 1.e-08, 1.e-08, 1.e-08,       1.e-08, 1.e-08, 1.e-08, 1.e-08, 1.e-08, 1.e-08, 1.e-08, 1.e-08,       1.e-08, 1.e-08, 1.e-08, 1.e-08, 1.e-08, 1.e-08, 1.e-08, 1.e-08,       1.e-08, 1.e-08, 1.e-08, 1.e-08, 1.e-08, 1.e-08, 1.e-08, 1.e-08,       1.e-08, 1.e-08, 1.e-08, 1.e-08, 1.e-08, 1.e-08, 1.e-08, 1.e-08,       1.e-08, 1.e-08, 1.e-08, 1.e-08, 1.e-08, 1.e-08, 1.e-08, 1.e-08,       1.e-08, 1.e-08, 1.e-08, 1.e-08, 1.e-08, 1.e-08, 1.e-08, 1.e-08,       1.e-08, 1.e-08, 1.e-08, 1.e-08, 1.e-08, 1.e-08, 1.e-08, 1.e-08,       1.e-08, 1.e-08, 1.e-08, 1.e-08, 1.e-08, 1.e-08, 1.e-08, 1.e-08,       1.e-08, 1.e-08, 1.e-08, 1.e-08, 1.e-08, 1.e-08, 1.e-08, 1.e-08,       1.e-08, 1.e-08, 1.e-08, 1.e-08, 1.e-08, 1.e-08, 1.e-08, 1.e-08,       1.e-08, 1.e-08, 1.e-08, 1.e-08, 1.e-08, 1.e-08, 1.e-08, 1.e-08,       1.e-08, 1.e-08, 1.e-08, 1.e-08, 1.e-08, 1.e-08, 1.e-08, 1.e-08,       1.e-08])
bad_run_indexs=[]
best_cost=-6816.216991194041
best_params=array([50.43981411, 50.43545337,  5.14806116,  0.23633975, -0.79892571,       -0.31051177, -2.22824392])
best_index=183
worst_cost=-0.0
worst_index=1
cost_range=6816.216991194041
costs_count=217
params_count=162
cost_scaler_init_index=6
net_0={'last_hyperfit': 0, 'last_net_reg': 1e-08, 'regularization_history': [1e-08], 'losses_list': [0.75893617, 0.086811624, 0.042279135, 0.012032181, 0.0021873869, 0.00043766343, 0.00020464665, 8.828039e-05, 4.342588e-05, 1.9055504e-05, 8.143776e-06, 3.0489803e-06, 1.2809696e-06, 6.1967535e-07, 5.4749097e-07, 5.516258e-07, 5.4623354e-07, 5.363234e-07, 5.3164365e-07, 5.3023075e-07, 5.298558e-07, 5.298107e-07, 5.2979806e-07, 5.2977225e-07, 5.2976225e-07, 5.2975935e-07, 5.2975867e-07, 5.2975855e-07, 5.297584e-07, 5.297585e-07, 1.2773461, 0.24516535, 0.031907283, 0.024168983, 0.003528896, 0.000977696, 0.0008662914, 0.00029526014, 5.904081e-05, 2.0770944e-05, 1.2189528e-05, 4.8652582e-06, 1.4164391e-06, 8.441558e-07, 7.3397086e-07, 5.815352e-07, 5.4004124e-07, 5.379155e-07, 1.029753, 0.21700346, 0.041628458, 0.013766664, 0.0036798446, 0.002002914, 0.0003950827, 0.00023863048, 4.567677e-05, 3.325994e-05, 4.310783e-06, 3.6354193e-06, 1.142566e-06, 9.426263e-07, 6.3006866e-07, 5.817979e-07, 0.51755387, 0.34375423, 0.19425601, 0.17764208, 3.4818132, 1.8891655, 0.673749, 0.09958372, 0.008977709, 0.0017559639, 0.00037392805, 0.00020480297, 9.49184e-05, 2.6429487e-05, 1.668445e-05, 8.070487e-06, 4.5486163e-06, 2.3589469e-06, 1.6024658e-06, 1.1443465e-06, 9.040251e-07, 7.127994e-07, 6.367332e-07, 5.872221e-07, 4.2733307, 0.48476002, 0.019124744, 0.007140634, 0.0006378181, 0.0001427131, 1.151165e-05, 4.507932e-06, 1.7097356e-06, 7.621721e-07, 6.537406e-07, 5.9576166e-07, 6.651035, 1.9926124, 0.11832456, 0.009154375, 0.00196377, 0.00031847614, 7.628757e-05, 2.646126e-05, 7.046185e-06, 2.9482958e-06, 1.2520057e-06, 7.8524636e-07, 6.3113237e-07, 5.8760764e-07, 5.9246173, 8.410352, 6.183909, 9.381562, 7.116292, 5.083844, 7.5510945, 6.0286202, 5.742364, 5.0051823, 4.351526, 3.3106031, 1.7787529, 0.73164356, 0.19713967, 0.18467036, 0.027650543, 0.0041400315, 0.0022294926, 0.0010643795, 0.00057087775, 0.00070700474, 0.00025686732, 0.000532516, 0.00012659428, 3.226633e-05, 2.9913257e-05, 1.718567e-05, 8.690417e-06, 8.234963e-06, 2.6674188e-06, 2.2330523e-06, 5.889792, 4.541145, 3.7804224, 4.9174285, 2.7693105, 2.568504, 1.8967301, 1.1310282, 1.5537373, 0.43756565, 0.13202828, 0.015555721, 0.000582427, 0.0001463766, 8.556866e-05, 1.8778626e-05, 7.600137e-06, 5.014556e-06, 2.2581366e-06, 1.239066e-06, 8.920263e-07, 7.5404347e-07, 7.042358e-07, 6.736905e-07, 6.4506264, 0.7365446, 0.05504489, 0.004846533, 0.001037656, 0.0004380641, 0.00017887598, 8.383686e-05, 2.0814494e-05, 8.477373e-06, 3.0583606e-06, 1.5548827e-06, 1.4982153e-06, 7.9146236e-07, 7.0475267e-07, 6.770036e-07, 4.5784383, 1.8799285, 1.4897686, 1.325248, 7.7073083, 3.959808, 3.12597, 2.3217113, 1.9397318, 1.6902432, 1.4118713, 0.97826105, 0.65939415, 0.43451288, 5.3325567, 0.61501616, 0.118258655, 0.026972603, 0.0068956357, 0.0011455443, 0.00022936294, 4.6449342e-05, 1.8629707e-05, 2.9902624e-06, 1.0100691e-06, 8.401157e-07, 7.3002207e-07, 7.1835296e-07, 5.290326, 1.3032146, 0.31243414, 0.06092187, 0.006564823, 0.001120122, 0.00019343852, 2.2771685e-05, 1.0504405e-05, 1.4478842e-06, 9.789983e-07, 8.05297e-07, 7.3355386e-07, 7.2579195e-07, 2.6108277, 4.902437, 2.69385, 5.4958963, 5.2220135, 2.6122334, 1.8971446, 2.4604845, 4.2333407, 2.3223407, 1.8228052, 1.7205952, 2.7690353, 1.4824965, 1.3273327, 1.3253531, 2.774889, 2.5851135, 2.344228, 2.0300431, 1.9747455, 2.0419283, 1.8835745, 1.7743853, 3.7250686, 1.7945664, 1.6200817, 1.5907968, 2.0183644, 1.5090326, 1.4447975, 1.9976846, 2.3507001, 2.9446957, 2.8118992, 3.3029253, 184.41576, 93.4693, 3.7972872, 2.4209154, 2.0359046, 1.7709373, 142.84837, 81.89009, 38.776943, 16.294224, 6.6147943, 2.3835976, 1.5895256, 1.0393571, 0.96911716, 0.7818726, 242.68062, 11.486922, 2.3187177, 1.2663516, 0.8962983, 0.7511122, 0.937467, 1.3911655, 148.05981, 105.76224, 221.76834, 82.80024, 56.22463, 38.76575, 31.865698, 25.051468, 13.273285, 7.6316295, 4.2438383, 2.620876, 127.92164, 80.72058, 178.44481, 50.6177, 27.364414, 131.89043, 472.5735, 154.91629, 558.49176, 271.39682, 185.21599, 165.44287, 130.71806, 93.59607, 81.66396, 58.22425, 48.406666, 54.683933, 31.25038, 23.557434, 22.892616, 21.919876, 10.8023, 7.180997, 96.60069, 24.787832, 219.2811, 93.93264, 95.02163, 51.993755, 49.01385, 50.793503, 372.05118, 86.41933, 50.46614, 35.592957, 26.10422, 57.845722, 12.799245, 10.220825, 8.375819, 9.723826, 60.31954, 81.85091, 17.247986, 645.8293, 167.91008, 36.031578, 19.18288, 13.444227, 11.950275, 7.9739094, 6.914518, 6.787089, 60.282413, 39.892654, 39.449585, 34.049984, 50.30966, 32.813843, 35.549717, 19.46375, 354.84708, 203.6996, 156.8373, 88.50128, 232.9821, 75.57679, 54.347935, 32.5442, 43.584095, 24.1744, 31.25714, 6.6243024, 8.081877, 5.886959, 296.78226, 58.983086, 132.16312, 27.612822, 2.8680365, 2.575654, 1.874571, 2.685722, 386.56097, 221.77823, 209.8508, 179.02103, 193.14296, 353.0694, 197.7638, 149.341, 195.93066, 114.72952, 98.03736, 90.71737, 94.447495, 94.962555, 82.682274, 86.45618, 77.053085, 148.5963, 174.30621, 93.50933, 82.4614, 82.2183, 100.58889, 80.4074, 153.28697, 140.26418, 78.41809, 80.08073, 94.82036, 79.325096, 287.9237, 128.20558, 95.23418, 77.74711, 91.67359, 125.32742], 'scaler_samples': (array([[ 5.04000000e+01,  5.03200000e+01,  5.10000000e+00,         5.00000000e-01, -8.00000000e-01, -2.00000000e-02,        -1.86000000e+00],       [ 5.04685652e+01,  5.05560577e+01,  5.21583403e+00,         1.24956132e-01, -7.68335999e-02,  3.83974984e-01,        -2.09198881e+00],       [ 5.03280985e+01,  5.01176099e+01,  5.07873491e+00,        -3.65564146e-01, -3.55609312e-02, -2.82682314e-02,        -1.17649919e+00],       [ 5.05476817e+01,  5.01435161e+01,  5.02545245e+00,        -1.30889740e-02, -1.07313141e+00, -1.19116905e+00,        -8.00500504e-01],       [ 5.05219699e+01,  5.04664786e+01,  5.05325667e+00,         8.33578335e-01, -4.26706749e-01,  8.30416661e-01,        -1.38786262e+00],       [ 5.05712096e+01,  5.03832473e+01,  5.10065371e+00,         3.85251410e-01, -1.43809730e-01,  5.90412867e-01,        -1.11481647e+00]]), array([-87.73247282,  -0.        ,  -0.        ,  -0.        ,        -0.        ,  -0.        ])), 'net': {'saver_path': 'C:\\Users\\YbMinutes\\labscript-suite\\userlib\\labscriptlib\\ybclock\\analysis\\analysislib-mloop\\M-LOOP_archives\\neural_net_archive_2022-02-02_13-27_napOURaq.ckpt'}}
net_1={'last_hyperfit': 0, 'last_net_reg': 1e-08, 'regularization_history': [1e-08], 'losses_list': [0.83224726, 0.06825222, 0.013372107, 0.0025222958, 0.0018313468, 0.0010064758, 0.0003396755, 8.6120745e-05, 1.9443185e-05, 4.291316e-06, 1.1786192e-06, 6.3024265e-07, 6.186348e-07, 6.252847e-07, 5.9882535e-07, 5.692195e-07, 5.492026e-07, 5.4211733e-07, 5.397758e-07, 5.384106e-07, 5.378501e-07, 5.378018e-07, 5.3781844e-07, 5.378004e-07, 5.377944e-07, 5.377987e-07, 5.377924e-07, 5.377918e-07, 5.3779155e-07, 5.377915e-07, 3.4798837, 0.11370002, 0.0142295305, 0.006889375, 0.0049749105, 0.0012457797, 0.0002893237, 0.00018605919, 2.2597897e-05, 1.5251716e-05, 6.424099e-06, 7.800397e-07, 1.4657696e-06, 7.8061277e-07, 5.8195286e-07, 5.726759e-07, 0.62806934, 0.19536671, 0.036594834, 0.00931288, 0.0045982087, 0.00063488417, 0.0004829847, 6.799037e-05, 7.7096905e-05, 1.1242117e-05, 7.769519e-06, 2.2570007e-06, 1.1709095e-06, 8.0703137e-07, 6.103139e-07, 5.8572385e-07, 0.6086641, 0.39328605, 0.29222852, 0.16883571, 0.11505758, 0.12574281, 3.4771712, 1.9142525, 0.45662293, 0.027646, 0.008013847, 0.001839813, 0.00018493111, 5.6218487e-05, 1.4801408e-05, 7.019165e-06, 1.4939919e-06, 1.0307763e-06, 7.0252406e-07, 5.995872e-07, 5.71764e-07, 5.693706e-07, 7.219455, 0.56219846, 0.041591574, 0.010881387, 0.011785753, 0.0010293877, 0.0003784006, 3.7828304e-05, 1.6809274e-05, 1.665559e-06, 2.2899794e-06, 1.1270856e-06, 8.566783e-07, 6.478467e-07, 5.835313e-07, 5.758092e-07, 4.4835453, 2.164215, 0.1842313, 0.014105749, 0.0027670146, 0.00039506477, 6.057036e-05, 1.7380919e-05, 5.5106084e-06, 2.4191072e-06, 1.2660824e-06, 8.2818394e-07, 6.75251e-07, 6.198204e-07, 6.0680623, 8.181687, 6.698487, 4.891546, 4.1446414, 3.7746913, 2.241161, 0.9171699, 0.29171342, 0.049363013, 0.011408059, 0.007829856, 0.0015167454, 0.0012698426, 0.00058730104, 0.00029367898, 0.00019034099, 0.00018149184, 10.037879, 2.3972461, 0.3376003, 0.02419818, 0.004950744, 0.0058122673, 0.005921946, 0.00026702962, 6.713805e-05, 8.140905e-06, 3.0788037e-06, 2.4821593e-06, 9.684e-07, 7.675463e-07, 6.983712e-07, 6.6241495e-07, 7.200568, 2.3981686, 1.9321063, 2.4305108, 5.0070176, 1.3939241, 0.72803825, 0.24575125, 0.17078288, 0.064063534, 0.04000414, 0.027720567, 0.015191474, 0.009177971, 0.0062339534, 0.0031744635, 0.0017649074, 0.0010266211, 0.0004921786, 0.000392455, 0.00026897233, 5.7195197e-05, 3.271279e-05, 1.600531e-05, 7.444521e-06, 3.829885e-06, 1.9539511e-06, 1.1079425e-06, 8.442911e-07, 7.6164895e-07, 6.573228, 5.3122153, 5.891242, 5.1176996, 6.6722093, 4.8098745, 3.8457615, 2.9110742, 1.9256736, 3.1955175, 4.0653577, 1.6384509, 0.62850595, 0.26969644, 0.14021733, 0.05846666, 0.031087618, 0.006457065, 0.0048575695, 0.0019062759, 0.0018041779, 0.0009823361, 0.0015930792, 0.0009197399, 3.281671, 1.8453099, 0.260474, 0.08622894, 0.094853334, 0.012639753, 0.0054507763, 0.002454548, 0.0012814291, 0.0007201268, 0.00059082604, 0.00032271873, 0.0002600397, 0.0001644912, 0.00021591996, 9.479592e-05, 7.2291616e-05, 5.0367573e-05, 3.863849e-05, 6.491146e-05, 3.3038402, 4.431921, 3.9391196, 4.3201184, 5.166337, 4.060571, 3.3266969, 2.9950926, 2.2928078, 2.2708697, 5.15294, 2.352264, 1.9780931, 2.13403, 3.0082872, 1.992924, 1.8393228, 1.6420423, 2.6448233, 2.4097106, 2.0658953, 2.5801554, 2.8364491, 1.6473376, 1.7688454, 1.5985092, 2.6916656, 1.6970583, 1.5165733, 1.5583353, 2.7317438, 1.8091346, 1.6709559, 1.6032039, 1.7974386, 2.457798, 2.4359455, 2.1078427, 189.98584, 84.422226, 3.6652923, 2.7458649, 2.6747203, 2.2781165, 128.9894, 65.17877, 29.483606, 19.435673, 10.74114, 9.079268, 2.4100733, 1.7060755, 92.83528, 4.780062, 1.7158184, 1.484612, 115.634384, 163.6676, 303.80286, 96.37576, 47.776234, 106.618195, 22.241882, 12.107039, 4.6905475, 16.068842, 136.21677, 44.060936, 34.937614, 26.46036, 24.293037, 23.42599, 14.451719, 29.050858, 334.50034, 179.11447, 18.557686, 12.064524, 11.389487, 6.897131, 9.8421335, 21.508135, 228.1525, 50.66704, 9.799169, 7.1259246, 8.053278, 22.757317, 78.71389, 69.02278, 266.48514, 16.48972, 11.1860485, 21.902225, 21.350817, 7.581101, 6.098588, 4.9144382, 33.65621, 45.619953, 10.88291, 9.489553, 23.257568, 14.861185, 9.327536, 8.012309, 24.112164, 20.019335, 92.51611, 21.251703, 34.70607, 17.247288, 24.591259, 38.48872, 23.28497, 19.646301, 19.243258, 15.005627, 40.393364, 25.719433, 16.344666, 17.22923, 470.88754, 534.12415, 256.09705, 228.08913, 241.02052, 157.88039, 461.83075, 348.0819, 303.48267, 309.6292, 269.67706, 282.1137, 451.22437, 222.88358, 202.11098, 185.04236, 177.39006, 173.04628, 182.77228, 150.56021, 185.46579, 130.23581, 153.13002, 135.2587, 177.13113, 131.88203, 322.70953, 146.56361, 105.10608, 226.61095, 101.18698, 82.84615, 127.356224, 111.23908, 178.73817, 83.77773, 128.7905, 106.11433, 141.8898, 73.46256, 103.14483, 85.85561, 71.148056, 81.61229], 'scaler_samples': (array([[ 5.04000000e+01,  5.03200000e+01,  5.10000000e+00,         5.00000000e-01, -8.00000000e-01, -2.00000000e-02,        -1.86000000e+00],       [ 5.04685652e+01,  5.05560577e+01,  5.21583403e+00,         1.24956132e-01, -7.68335999e-02,  3.83974984e-01,        -2.09198881e+00],       [ 5.03280985e+01,  5.01176099e+01,  5.07873491e+00,        -3.65564146e-01, -3.55609312e-02, -2.82682314e-02,        -1.17649919e+00],       [ 5.05476817e+01,  5.01435161e+01,  5.02545245e+00,        -1.30889740e-02, -1.07313141e+00, -1.19116905e+00,        -8.00500504e-01],       [ 5.05219699e+01,  5.04664786e+01,  5.05325667e+00,         8.33578335e-01, -4.26706749e-01,  8.30416661e-01,        -1.38786262e+00],       [ 5.05712096e+01,  5.03832473e+01,  5.10065371e+00,         3.85251410e-01, -1.43809730e-01,  5.90412867e-01,        -1.11481647e+00]]), array([-87.73247282,  -0.        ,  -0.        ,  -0.        ,        -0.        ,  -0.        ])), 'net': {'saver_path': 'C:\\Users\\YbMinutes\\labscript-suite\\userlib\\labscriptlib\\ybclock\\analysis\\analysislib-mloop\\M-LOOP_archives\\neural_net_archive_2022-02-02_13-27_QWHGDX-5.ckpt'}}
net_2={'last_hyperfit': 0, 'last_net_reg': 1e-08, 'regularization_history': [1e-08], 'losses_list': [1.2064703, 0.06878314, 0.052469287, 0.005851686, 0.0060901176, 0.0017120081, 0.00046028968, 0.00035292804, 5.4172e-05, 1.5269447e-05, 1.4117045e-05, 3.6591641e-06, 1.2342232e-06, 7.6592886e-07, 7.868614e-07, 6.293425e-07, 5.607639e-07, 5.4113366e-07, 5.4190286e-07, 5.407958e-07, 5.403653e-07, 5.4009155e-07, 5.399702e-07, 5.399305e-07, 5.3992164e-07, 5.399209e-07, 5.399199e-07, 5.399197e-07, 5.399197e-07, 5.3991965e-07, 0.63589627, 0.09799862, 0.037384342, 0.00859692, 0.0012660781, 0.001021181, 0.00039948706, 0.00010833043, 2.03216e-05, 1.5656e-05, 6.245374e-06, 2.6447108e-06, 7.6820055e-07, 7.74897e-07, 5.672056e-07, 5.7985693e-07, 0.9201005, 0.2230652, 0.050676525, 0.017969603, 0.003031771, 0.0024596243, 0.00038056352, 0.00017640874, 7.8010016e-05, 7.2890407e-06, 1.4571468e-05, 2.8163702e-06, 1.5022807e-06, 9.776659e-07, 5.908346e-07, 5.93833e-07, 0.6032386, 0.5611001, 0.31857425, 0.29296482, 3.851866, 1.793984, 0.271531, 0.1063276, 0.035882298, 0.005309575, 0.0021908311, 0.0016542245, 0.0009271163, 0.0006564258, 0.00039195098, 0.00026194938, 0.00017739837, 0.000104782994, 6.887715e-05, 4.2858035e-05, 2.555896e-05, 1.578999e-05, 9.764776e-06, 5.8451224e-06, 3.5472754e-06, 2.2152556e-06, 1.4353702e-06, 1.0637614e-06, 7.592504e-07, 6.4988865e-07, 6.0118816e-07, 5.83646e-07, 5.6104927, 0.37409788, 0.027688287, 0.007791069, 0.00094272883, 0.00020660514, 0.00011288549, 5.061167e-05, 2.4426658e-05, 1.2548427e-05, 6.499252e-06, 3.3936592e-06, 1.997004e-06, 1.2962425e-06, 9.2415013e-07, 7.4643015e-07, 6.5180876e-07, 6.077725e-07, 8.683995, 2.0478802, 0.055111606, 0.013144351, 0.0028993615, 0.008017122, 4.659565, 3.386454, 9.049363, 5.442531, 7.87466, 4.360282, 3.5449102, 3.4212303, 5.3700123, 3.9344418, 3.130313, 2.590528, 2.2186844, 1.2924393, 0.4885647, 0.36181784, 0.1498569, 0.017684907, 0.0026311923, 0.0004260753, 0.00014245097, 4.079113e-05, 1.5177769e-05, 9.085711e-06, 1.2650799e-05, 6.309978e-06, 1.3193269e-06, 9.17747e-07, 7.1297774e-07, 6.6345547e-07, 7.541116, 0.6425635, 0.10850694, 0.011995639, 0.0021464934, 0.000109892375, 1.678839e-05, 5.5963646e-06, 3.5453397e-06, 2.178848e-06, 1.5405652e-06, 1.1849447e-06, 9.518583e-07, 8.280172e-07, 7.527518e-07, 7.1544963e-07, 6.52976, 3.2532089, 3.0221164, 2.567231, 3.923729, 2.4817593, 2.4097393, 0.7356382, 0.34238517, 0.15586382, 2.9563825, 0.33403018, 0.039172813, 0.017335547, 0.009182565, 0.006709504, 0.004271844, 0.0029845303, 0.0020494484, 0.0016890314, 0.0009484907, 0.0014000018, 0.00070574105, 0.00033155782, 0.00024970158, 0.00034239932, 0.00013629743, 0.000112279326, 7.567016e-05, 0.00027633767, 4.26461, 2.2340808, 1.7250819, 1.4559089, 1.0193481, 0.75844705, 0.5859059, 0.45389143, 0.17501642, 0.12397297, 0.50316024, 0.14546223, 0.032717828, 0.021116618, 0.038085327, 0.022723539, 0.006685971, 0.005473383, 0.005835731, 0.0062983986, 0.0028539768, 0.00050205796, 0.00030218967, 0.00022117577, 8.555854e-05, 6.887325e-05, 5.5951195, 2.2093127, 4.986425, 2.97397, 2.5551848, 2.2638023, 2.0273662, 1.7968286, 4.459139, 2.1540458, 1.7900815, 1.6138767, 2.7424715, 2.4735162, 1.6468952, 1.6503255, 2.0798352, 2.1467443, 1.4435017, 2.4745572, 2.8273084, 4.0781107, 3.6895227, 2.6937447, 2.601124, 2.3856306, 2.631859, 1.9803576, 1.8974195, 2.3448515, 2.5187001, 1.9081734, 1.799186, 1.6495286, 2.1669567, 2.314192, 5.8975253, 2.2917438, 1.9496179, 1.7893425, 184.78912, 81.542404, 2.791453, 2.1067955, 1.9660733, 1.7134337, 1.5696931, 1.4321309, 132.19884, 83.21593, 53.68647, 33.974915, 23.751747, 16.445377, 15.076517, 7.3006835, 2.9206054, 1.1359546, 1.301208, 1.1474662, 0.67081606, 1.5489393, 178.97844, 5.334021, 1.5385022, 1.2071455, 1.137517, 3.8808742, 122.70791, 106.304054, 99.79959, 79.60971, 58.368248, 30.098722, 18.112259, 22.949068, 10.437414, 4.7938595, 347.04242, 53.91946, 13.526148, 9.223226, 9.305593, 7.0687065, 7.3627563, 5.4540896, 2.3981137, 1.2159597, 272.5225, 76.79913, 35.805653, 39.460197, 308.00693, 90.17454, 47.22508, 14.15615, 9.398019, 5.6082244, 3.3132703, 3.5405946, 56.601517, 22.520826, 6.960921, 29.699482, 307.99158, 197.47697, 109.956535, 56.982456, 113.71912, 42.59196, 12.631347, 16.161804, 34.289833, 15.719284, 11.324809, 8.417843, 6.5801487, 6.393956, 15.108887, 23.651169, 253.50635, 25.43512, 11.563166, 10.554601, 7.6595564, 6.930118, 27.528759, 31.700485, 19.876228, 21.202402, 13.457844, 16.617071, 13.256707, 11.943486, 127.72868, 92.01999, 21.523716, 65.69757, 25.251417, 11.838195, 10.685343, 29.376291, 403.71912, 475.47928, 232.80672, 253.46628, 545.9524, 333.72247, 348.14026, 303.10028, 194.64401, 160.45442, 237.51207, 480.1088, 308.04, 305.99673, 245.35141, 193.05983, 164.16093, 153.79866, 148.88525, 167.17015, 127.08102, 108.283066, 132.14111, 97.75684, 133.70013, 124.43916, 109.71796, 116.61468, 76.62964, 82.03272, 75.75549, 78.69414, 71.50376, 64.783035, 74.530754, 55.58464, 78.01347, 472.34894, 249.58647, 145.49109, 150.26067, 138.84637, 105.16746, 86.452286, 83.05827, 63.035755], 'scaler_samples': (array([[ 5.04000000e+01,  5.03200000e+01,  5.10000000e+00,         5.00000000e-01, -8.00000000e-01, -2.00000000e-02,        -1.86000000e+00],       [ 5.04685652e+01,  5.05560577e+01,  5.21583403e+00,         1.24956132e-01, -7.68335999e-02,  3.83974984e-01,        -2.09198881e+00],       [ 5.03280985e+01,  5.01176099e+01,  5.07873491e+00,        -3.65564146e-01, -3.55609312e-02, -2.82682314e-02,        -1.17649919e+00],       [ 5.05476817e+01,  5.01435161e+01,  5.02545245e+00,        -1.30889740e-02, -1.07313141e+00, -1.19116905e+00,        -8.00500504e-01],       [ 5.05219699e+01,  5.04664786e+01,  5.05325667e+00,         8.33578335e-01, -4.26706749e-01,  8.30416661e-01,        -1.38786262e+00],       [ 5.05712096e+01,  5.03832473e+01,  5.10065371e+00,         3.85251410e-01, -1.43809730e-01,  5.90412867e-01,        -1.11481647e+00]]), array([-87.73247282,  -0.        ,  -0.        ,  -0.        ,        -0.        ,  -0.        ])), 'net': {'saver_path': 'C:\\Users\\YbMinutes\\labscript-suite\\userlib\\labscriptlib\\ybclock\\analysis\\analysislib-mloop\\M-LOOP_archives\\neural_net_archive_2022-02-02_13-27_Ak4epwKc.ckpt'}}
