mloop_version='3.2.1'
archive_type='neural_net_learner'
num_params=9
min_boundary=array([50.3 , 50.1 ,  5.09, -1.  , -1.5 , 42.  ,  0.28,  0.09,  0.  ])
max_boundary=array([50.65 , 50.65 ,  5.33 ,  1.   ,  1.   , 50.   ,  0.38 ,  0.15 ,        0.314])
start_datetime='2022-02-14_12-06'
param_names=['green_mot_frequency', 'lattice_loading_frequency', 'x_bias_field_loading', 'y_bias_field_loading', 'z_bias_field_loading', 'LS_bicolor_mot_frequency_for_green', 'LS_blue_mot_intensity', 'LS_green_mot_loading_intensity', 'LS_green_mot_intensity']
search_precision=1e-06
parameter_searches=10
bad_uncer_frac=0.1
trust_region=array([0.175, 0.275, 0.12 , 1.   , 1.25 , 4.   , 0.05 , 0.03 , 0.157])
has_trust_region=True
predict_global_minima_at_end=True
generation_num=3
update_hyperparameters=False
predicted_best_parameters=array([50.51504365, 50.42535889,  5.14644033, -0.27818001, -0.58570421,       45.79197615,  0.33802446,  0.13972789,  0.24838762])
predicted_best_scaled_cost=-189.39012
predicted_best_cost=-189.39012145996094
all_params=array([[ 5.04400000e+01,  5.04100000e+01,  5.10000000e+00,         2.51852443e-01, -7.84446268e-01,  4.58990556e+01,         3.34954290e-01,  1.40000000e-01,  3.14000000e-01],       [ 5.05783078e+01,  5.03761648e+01,  5.20812855e+00,        -1.96944994e-01, -6.72760277e-01,  4.22886764e+01,         2.97566025e-01,  1.44928177e-01,  2.66595222e-01],       [ 5.05274328e+01,  5.04929754e+01,  5.10713148e+00,        -5.22330155e-01, -5.95189394e-01,  4.71664500e+01,         3.43379202e-01,  1.10753600e-01,  2.49612299e-01],       [ 5.06112552e+01,  5.04835259e+01,  5.16140728e+00,        -1.51642203e-02, -4.25940516e-01,  4.64315189e+01,         3.48569217e-01,  1.12288115e-01,  2.38693218e-01],       [ 5.04865658e+01,  5.02565142e+01,  5.09000000e+00,         1.00000000e+00,  1.68166733e-01,  4.98530747e+01,         3.09072209e-01,  1.10000000e-01,  1.57000000e-01],       [ 5.05937653e+01,  5.01350000e+01,  5.20780601e+00,        -7.48147557e-01, -4.70900443e-01,  4.98990556e+01,         2.93118573e-01,  1.47662709e-01,  3.13280834e-01],       [ 5.03000000e+01,  5.02667630e+01,  5.14250400e+00,         1.00000000e+00, -1.50000000e+00,  4.75143321e+01,         2.84954290e-01,  1.47082400e-01,  3.14000000e-01],       [ 5.03365544e+01,  5.04206916e+01,  5.20957655e+00,         4.38569098e-01,  9.68678079e-02,  4.82615367e+01,         3.50748916e-01,  1.45896685e-01,  2.80958059e-01],       [ 5.03000000e+01,  5.03388005e+01,  5.09000000e+00,         5.41083174e-01, -1.17916372e+00,  4.96244370e+01,         3.50454413e-01,  1.48304951e-01,  3.14000000e-01],       [ 5.06150000e+01,  5.06500000e+01,  5.22000000e+00,         4.58862985e-01,  4.65553732e-01,  4.94483269e+01,         2.84954290e-01,  1.50000000e-01,  1.96586619e-01],       [ 5.03000000e+01,  5.02706819e+01,  5.14010334e+00,         1.00000000e+00, -1.50000000e+00,  4.53551571e+01,         2.84954290e-01,  1.50000000e-01,  3.14000000e-01],       [ 5.05861533e+01,  5.02943769e+01,  5.20355603e+00,         6.68638995e-01, -4.48189299e-01,  4.63658358e+01,         3.65392711e-01,  1.24432451e-01,  1.78502531e-01],       [ 5.04064625e+01,  5.03826599e+01,  5.09000000e+00,        -3.12789886e-01, -8.44231317e-01,  4.20000000e+01,         3.39575805e-01,  1.50000000e-01,  3.11022425e-01],       [ 5.03000000e+01,  5.05220062e+01,  5.09000000e+00,         4.52649647e-01, -6.24325853e-01,  4.68967487e+01,         3.66335281e-01,  1.50000000e-01,  3.14000000e-01],       [ 5.03492845e+01,  5.03901556e+01,  5.14051996e+00,         1.43052530e-01, -5.05666467e-01,  4.98990556e+01,         2.84954290e-01,  1.34823028e-01,  3.13230031e-01],       [ 5.05485865e+01,  5.04467638e+01,  5.19892658e+00,         6.51516967e-01, -1.10342797e-01,  4.25850349e+01,         2.92407572e-01,  1.32007032e-01,  2.64333939e-01],       [ 5.04327796e+01,  5.03975306e+01,  5.09000000e+00,         8.31446213e-01, -6.49818189e-01,  4.69774231e+01,         3.28501338e-01,  1.50000000e-01,  3.01183827e-01],       [ 5.05044980e+01,  5.03751717e+01,  5.09000000e+00,         1.86999975e-01, -7.31435566e-01,  4.52820718e+01,         3.21773535e-01,  1.47219549e-01,  3.14000000e-01],       [ 5.03784261e+01,  5.03783033e+01,  5.12685761e+00,         7.61033804e-02, -6.16174837e-01,  4.94090899e+01,         2.84954290e-01,  1.23454986e-01,  3.14000000e-01],       [ 5.03628488e+01,  5.04580916e+01,  5.16033367e+00,        -4.79674276e-02,  4.08956518e-01,  4.89271806e+01,         2.85016689e-01,  1.22433005e-01,  2.17997556e-01],       [ 5.04797159e+01,  5.04353196e+01,  5.09982579e+00,         1.49672399e-01, -7.96656012e-01,  4.57329268e+01,         3.42149253e-01,  1.35163158e-01,  3.05644357e-01],       [ 5.04366121e+01,  5.04182317e+01,  5.09645435e+00,         2.74352788e-01, -8.34741738e-01,  4.56452269e+01,         3.41018850e-01,  1.40787118e-01,  3.14000000e-01],       [ 5.04289491e+01,  5.04248512e+01,  5.09000000e+00,         3.87025746e-01, -8.90125923e-01,  4.64527134e+01,         3.33009849e-01,  1.43121309e-01,  3.01104948e-01],       [ 5.03161494e+01,  5.05229993e+01,  5.17089089e+00,        -3.20295725e-01, -1.24095512e+00,  4.67983678e+01,         3.63547189e-01,  1.20812389e-01,  2.61385492e-01],       [ 5.04068732e+01,  5.03918131e+01,  5.10147583e+00,         2.72538888e-01, -8.25212754e-01,  4.71475525e+01,         3.31594551e-01,  1.41994137e-01,  3.14000000e-01],       [ 5.04340979e+01,  5.03943429e+01,  5.10666241e+00,         1.93692446e-01, -7.83365142e-01,  4.58712195e+01,         3.28763483e-01,  1.35801715e-01,  3.14000000e-01],       [ 5.04318599e+01,  5.04048210e+01,  5.10629310e+00,         2.26941814e-01, -7.63488566e-01,  4.60869216e+01,         3.31389748e-01,  1.38806527e-01,  3.14000000e-01],       [ 5.05967303e+01,  5.03727801e+01,  5.17415416e+00,        -9.88779247e-02,  8.74364227e-03,  4.64572455e+01,         3.36321070e-01,  1.38495343e-01,  1.80140920e-01],       [ 5.04364486e+01,  5.04027728e+01,  5.09000000e+00,         1.67270296e-01, -8.88585167e-01,  4.72537994e+01,         3.27007705e-01,  1.38897925e-01,  3.14000000e-01],       [ 5.04389905e+01,  5.03927938e+01,  5.09000000e+00,         2.42406707e-01, -8.25146465e-01,  4.53219935e+01,         3.26687617e-01,  1.38417503e-01,  3.14000000e-01],       [ 5.04240933e+01,  5.03952028e+01,  5.09000000e+00,         2.66752712e-01, -8.13768428e-01,  4.51873711e+01,         3.25851128e-01,  1.26739759e-01,  3.14000000e-01],       [ 5.05048518e+01,  5.02190464e+01,  5.17181648e+00,        -6.16554045e-01, -1.18626247e+00,  4.62219400e+01,         2.98775002e-01,  1.40468419e-01,  1.71952490e-01],       [ 5.04345742e+01,  5.04109123e+01,  5.10007761e+00,         3.33811138e-01, -7.71175020e-01,  4.53626866e+01,         3.42641185e-01,  1.47785767e-01,  3.14000000e-01],       [ 5.04225343e+01,  5.04133421e+01,  5.10255769e+00,         3.56273512e-01, -8.05988872e-01,  4.63111621e+01,         3.43200589e-01,  1.41858304e-01,  3.14000000e-01],       [ 5.04293343e+01,  5.04044216e+01,  5.11344822e+00,         3.03968968e-01, -8.09813259e-01,  4.59647035e+01,         3.39464925e-01,  1.41484406e-01,  3.14000000e-01],       [ 5.05055669e+01,  5.02727503e+01,  5.19402346e+00,        -2.15730729e-01, -1.09143213e-01,  4.46917112e+01,         3.61721202e-01,  1.32873486e-01,  1.95910339e-01],       [ 5.04199689e+01,  5.04216083e+01,  5.09489932e+00,         3.71234985e-01, -8.03663991e-01,  4.68729767e+01,         3.46064558e-01,  1.42244128e-01,  3.14000000e-01],       [ 5.04201926e+01,  5.04131419e+01,  5.10285188e+00,         4.68588672e-01, -8.07160945e-01,  4.68963025e+01,         3.50046600e-01,  1.45230061e-01,  3.14000000e-01],       [ 5.04277277e+01,  5.04220810e+01,  5.11022795e+00,         4.36647771e-01, -8.12392453e-01,  4.66814516e+01,         3.44721385e-01,  1.40116119e-01,  3.14000000e-01],       [ 5.05404479e+01,  5.03506506e+01,  5.15753866e+00,        -6.17231750e-01, -2.61658765e-01,  4.93951947e+01,         3.18358570e-01,  1.18786412e-01,  2.89548404e-01],       [ 5.04049533e+01,  5.04119869e+01,  5.09113649e+00,         3.48716485e-01, -8.03530627e-01,  4.64047733e+01,         3.46313059e-01,  1.41880157e-01,  3.14000000e-01],       [ 5.04139042e+01,  5.04311509e+01,  5.09000000e+00,         1.98999999e-01, -7.83521181e-01,  4.65747826e+01,         3.46127180e-01,  1.40637977e-01,  3.14000000e-01],       [ 5.04062000e+01,  5.04111679e+01,  5.09000000e+00,         3.42307151e-01, -8.21298430e-01,  4.67370041e+01,         3.46921570e-01,  1.46088999e-01,  3.14000000e-01],       [ 5.05749082e+01,  5.01550664e+01,  5.12428283e+00,         6.58336660e-01, -1.07529817e+00,  4.82971047e+01,         3.76254672e-01,  1.45579296e-01,  3.08085258e-01],       [ 5.04009818e+01,  5.03998504e+01,  5.09724543e+00,         4.54489221e-01, -8.02910928e-01,  4.59783952e+01,         3.41828539e-01,  1.39399060e-01,  3.14000000e-01],       [ 5.04238323e+01,  5.04147759e+01,  5.09027334e+00,         3.80273330e-01, -7.78157518e-01,  4.64289168e+01,         3.46691206e-01,  1.38439140e-01,  3.14000000e-01],       [ 5.04083058e+01,  5.04171705e+01,  5.09815463e+00,         4.26891068e-01, -8.17523319e-01,  4.62553447e+01,         3.41393162e-01,  1.39637183e-01,  3.14000000e-01],       [ 5.03575840e+01,  5.01881560e+01,  5.13658069e+00,         7.00546711e-01, -4.43160560e-01,  4.51618873e+01,         3.54193538e-01,  1.18311142e-01,  1.66154480e-01],       [ 5.04218601e+01,  5.03931917e+01,  5.10191756e+00,         3.50011520e-01, -7.90721279e-01,  4.60052009e+01,         3.46144274e-01,  1.40659170e-01,  3.14000000e-01],       [ 5.05975343e+01,  5.06500000e+01,  5.09000000e+00,         7.29471754e-01, -4.32548431e-01,  4.23111621e+01,         2.93200589e-01,  1.49854247e-01,  3.14000000e-01],       [ 5.04226990e+01,  5.04137585e+01,  5.10884174e+00,         3.48708149e-01, -8.23547676e-01,  4.65138948e+01,         3.39974891e-01,  1.43250310e-01,  3.14000000e-01],       [ 5.05123174e+01,  5.05752462e+01,  5.18133260e+00,         6.69555331e-01, -6.61390511e-01,  4.32303598e+01,         3.70782761e-01,  1.11628460e-01,  2.97549910e-01],       [ 5.04266024e+01,  5.04021719e+01,  5.10949905e+00,         2.16360398e-01, -5.97580853e-01,  4.68201925e+01,         3.40556366e-01,  1.50000000e-01,  3.14000000e-01],       [ 5.05237919e+01,  5.03740550e+01,  5.13651763e+00,         3.93581359e-01, -6.36916918e-01,  4.48815859e+01,         3.44494042e-01,  1.40527992e-01,  3.14000000e-01],       [ 5.04276796e+01,  5.03967755e+01,  5.10651780e+00,         3.24668839e-01, -7.86962787e-01,  4.61699952e+01,         3.45070993e-01,  1.39715643e-01,  3.14000000e-01],       [ 5.05337511e+01,  5.05546879e+01,  5.13102234e+00,         7.38862891e-01,  3.86351067e-01,  4.35411706e+01,         3.39944817e-01,  1.00450308e-01,  2.13725426e-01],       [ 5.04243808e+01,  5.03795198e+01,  5.10577015e+00,         3.55771658e-01, -7.77525433e-01,  4.60284043e+01,         3.48162237e-01,  1.39291016e-01,  3.14000000e-01],       [ 5.03513807e+01,  5.03633078e+01,  5.11494185e+00,         4.69052342e-01, -8.81773624e-01,  4.66448134e+01,         3.80000000e-01,  1.30769659e-01,  3.14000000e-01],       [ 5.04328109e+01,  5.03889118e+01,  5.11108861e+00,         2.92219583e-01, -7.92559703e-01,  4.64004335e+01,         3.49192197e-01,  1.39461629e-01,  3.14000000e-01],       [ 5.05516633e+01,  5.05657721e+01,  5.20117209e+00,        -1.39309325e-01,  7.44620271e-02,  4.51447051e+01,         3.77978668e-01,  9.90015131e-02,  1.36819060e-01],       [ 5.04387698e+01,  5.03779217e+01,  5.11068626e+00,         2.63708181e-01, -8.14166542e-01,  4.66618740e+01,         3.52687917e-01,  1.40884655e-01,  3.14000000e-01],       [ 5.04337418e+01,  5.03914291e+01,  5.11443299e+00,         2.72718129e-01, -8.11357726e-01,  4.67934134e+01,         3.52290135e-01,  1.37637062e-01,  3.14000000e-01],       [ 5.04467045e+01,  5.03854898e+01,  5.11221800e+00,         2.02684769e-01, -7.74184158e-01,  4.60550818e+01,         3.48761218e-01,  1.39331274e-01,  3.14000000e-01],       [ 5.05123119e+01,  5.05817419e+01,  5.22959429e+00,        -1.43768165e-01,  1.98616266e-01,  4.70323180e+01,         3.63884317e-01,  9.62627371e-02,  2.93573050e-01],       [ 5.04384045e+01,  5.03952880e+01,  5.12001393e+00,         2.72272720e-01, -7.88463419e-01,  4.61441125e+01,         3.50155593e-01,  1.39535505e-01,  3.14000000e-01],       [ 5.04165840e+01,  5.03904539e+01,  5.10593336e+00,         3.40649173e-01, -8.15784161e-01,  4.65394668e+01,         3.50826385e-01,  1.40269087e-01,  3.14000000e-01],       [ 5.04189409e+01,  5.03911425e+01,  5.10742300e+00,         3.21585870e-01, -8.02315092e-01,  4.64090540e+01,         3.50172699e-01,  1.40728665e-01,  3.14000000e-01],       [ 5.05578538e+01,  5.04372835e+01,  5.21705612e+00,         3.03271742e-02,  5.30846424e-01,  4.72320807e+01,         3.70396169e-01,  1.24363648e-01,  1.29567378e-01],       [ 5.03986569e+01,  5.03967426e+01,  5.10569332e+00,         3.16160121e-01, -8.07387462e-01,  4.68684514e+01,         3.50741680e-01,  1.39349538e-01,  3.14000000e-01],       [ 5.04379818e+01,  5.03976806e+01,  5.10660282e+00,         2.95709856e-01, -7.77520310e-01,  4.60482864e+01,         3.45411271e-01,  1.39911370e-01,  3.14000000e-01],       [ 5.04182430e+01,  5.03888474e+01,  5.11150447e+00,         3.53876652e-01, -8.15242704e-01,  4.63233178e+01,         3.47453865e-01,  1.38506637e-01,  3.14000000e-01],       [ 5.04478036e+01,  5.04383378e+01,  5.09102366e+00,         6.04160253e-01,  1.01316565e-01,  4.31483298e+01,         3.04217362e-01,  1.05325891e-01,  1.57970302e-01],       [ 5.04045902e+01,  5.03814677e+01,  5.10770472e+00,         3.49249670e-01, -7.97662614e-01,  4.69426806e+01,         3.51896465e-01,  1.37781045e-01,  3.14000000e-01],       [ 5.04056866e+01,  5.03829326e+01,  5.11775910e+00,         2.29466892e-01, -7.96209265e-01,  4.72533497e+01,         3.53457306e-01,  1.38428702e-01,  3.14000000e-01],       [ 5.04023117e+01,  5.03967715e+01,  5.12510107e+00,         2.23404155e-01, -7.79057702e-01,  4.62059740e+01,         3.52880104e-01,  1.39723227e-01,  3.14000000e-01],       [ 5.03834330e+01,  5.03599343e+01,  5.11235168e+00,         7.90378177e-01, -7.20512550e-01,  4.40614558e+01,         3.25778192e-01,  1.17116548e-01,  8.83677672e-02],       [ 5.04054542e+01,  5.03814046e+01,  5.11662444e+00,         2.22225300e-01, -7.87078791e-01,  4.73459385e+01,         3.52642393e-01,  1.37156602e-01,  3.14000000e-01],       [ 5.04155094e+01,  5.03894225e+01,  5.12468537e+00,         1.79520220e-01, -7.84506556e-01,  4.71369397e+01,         3.53581798e-01,  1.36308003e-01,  3.14000000e-01],       [ 5.03910198e+01,  5.03881603e+01,  5.11872360e+00,         1.41470826e-01, -7.67791093e-01,  4.68315811e+01,         3.56414772e-01,  1.37540207e-01,  3.14000000e-01],       [ 5.03162361e+01,  5.02439556e+01,  5.12307724e+00,         8.68048704e-01, -4.63323149e-01,  4.24701560e+01,         3.13928308e-01,  9.37818699e-02,  4.39077760e-02],       [ 5.04124154e+01,  5.03912662e+01,  5.12421948e+00,         2.18054182e-01, -7.87324060e-01,  4.66632175e+01,         3.50872053e-01,  1.38498710e-01,  3.14000000e-01],       [ 5.04093073e+01,  5.03914321e+01,  5.13080518e+00,         2.61723962e-01, -7.80649192e-01,  4.63408530e+01,         3.52913818e-01,  1.40071066e-01,  3.14000000e-01],       [ 5.04196296e+01,  5.03859136e+01,  5.13396523e+00,         2.33448723e-01, -7.94278125e-01,  4.68880783e+01,         3.50836620e-01,  1.39323011e-01,  3.14000000e-01],       [ 5.04555427e+01,  5.03353938e+01,  5.12197421e+00,         2.25566315e-01, -3.73087240e-01,  4.40827468e+01,         3.58250595e-01,  1.17437882e-01,  5.05108190e-02],       [ 5.03995427e+01,  5.03884575e+01,  5.14726307e+00,         1.97055152e-01, -8.28873721e-01,  4.81803764e+01,         3.46834570e-01,  1.39154617e-01,  3.14000000e-01],       [ 5.04148191e+01,  5.03820855e+01,  5.13965142e+00,         2.49157804e-01, -8.02876142e-01,  4.70101498e+01,         3.53328435e-01,  1.39610018e-01,  3.14000000e-01],       [ 5.04311512e+01,  5.03771773e+01,  5.14185144e+00,         2.28170842e-01, -8.11858376e-01,  4.74057569e+01,         3.49811637e-01,  1.38024469e-01,  3.14000000e-01],       [ 5.04181973e+01,  5.03397175e+01,  5.14003510e+00,        -5.57389556e-02, -1.86260767e-01,  4.44992727e+01,         3.04264465e-01,  1.14181225e-01,  1.45221125e-01],       [ 5.04092460e+01,  5.03874293e+01,  5.14499441e+00,         2.41898203e-01, -7.91171174e-01,  4.69374864e+01,         3.55485564e-01,  1.40341805e-01,  3.14000000e-01],       [ 5.04027699e+01,  5.03873104e+01,  5.14834554e+00,         1.95111319e-01, -7.97825502e-01,  4.68676853e+01,         3.55030568e-01,  1.39876143e-01,  3.14000000e-01],       [ 5.04026981e+01,  5.03833240e+01,  5.14668217e+00,         2.69779463e-01, -8.02000840e-01,  4.72909403e+01,         3.60703565e-01,  1.41506457e-01,  3.14000000e-01],       [ 5.03208929e+01,  5.02229084e+01,  5.12742604e+00,         9.23997594e-01, -1.06422441e+00,  4.51883314e+01,         2.90647753e-01,  1.42619903e-01,  1.99895517e-01],       [ 5.03932350e+01,  5.03788404e+01,  5.16045447e+00,         1.89557903e-01, -7.90509168e-01,  4.67887153e+01,         3.63704017e-01,  1.40211429e-01,  3.14000000e-01],       [ 5.03666464e+01,  5.03729323e+01,  5.15652358e+00,         2.45654769e-01, -8.40487482e-01,  4.70770601e+01,         3.64079041e-01,  1.45063434e-01,  3.14000000e-01],       [ 5.03788065e+01,  5.03897787e+01,  5.16682884e+00,         1.54425634e-01, -8.13957155e-01,  4.66878785e+01,         3.57812733e-01,  1.40012916e-01,  3.14000000e-01],       [ 5.04486144e+01,  5.03196713e+01,  5.13840136e+00,         1.72327043e-01, -6.94600537e-01,  4.39091615e+01,         3.03163418e-01,  1.32495652e-01,  7.63634502e-02],       [ 5.03680884e+01,  5.03964977e+01,  5.19127514e+00,         1.00358665e-01, -8.09431353e-01,  4.69745800e+01,         3.65696133e-01,  1.38850402e-01,  3.14000000e-01],       [ 5.03116800e+01,  5.04025044e+01,  5.18271337e+00,         8.33588260e-02, -8.01958446e-01,  4.64229487e+01,         3.80000000e-01,  1.49307829e-01,  3.14000000e-01],       [ 5.04009127e+01,  5.03977339e+01,  5.19948468e+00,        -5.60751381e-03, -8.09320535e-01,  4.65566184e+01,         3.62332381e-01,  1.35647041e-01,  3.14000000e-01],       [ 5.04527749e+01,  5.04748047e+01,  5.14381819e+00,         2.56954653e-02, -1.09988108e-01,  4.73856799e+01,         2.83976619e-01,  1.23212164e-01,  7.84161288e-02],       [ 5.03604387e+01,  5.03798425e+01,  5.18465063e+00,         1.76612842e-01, -7.94399748e-01,  4.69926439e+01,         3.63274603e-01,  1.37850952e-01,  3.14000000e-01],       [ 5.03882171e+01,  5.03943298e+01,  5.17207855e+00,         9.65338168e-02, -7.87816884e-01,  4.70008839e+01,         3.63427986e-01,  1.38469230e-01,  3.14000000e-01],       [ 5.03852998e+01,  5.03943713e+01,  5.16700120e+00,         1.22657662e-01, -7.97189268e-01,  4.72087393e+01,         3.62605859e-01,  1.40802453e-01,  3.14000000e-01],       [ 5.04025640e+01,  5.02433619e+01,  5.24682667e+00,         1.23539566e-01, -6.10558936e-01,  4.39147811e+01,         2.89644231e-01,  1.49941519e-01,  5.59371488e-02],       [ 5.03285220e+01,  5.03767482e+01,  5.20818674e+00,         2.27460749e-01, -7.86750253e-01,  4.75445670e+01,         3.67439470e-01,  1.34629638e-01,  3.14000000e-01],       [ 5.03318716e+01,  5.03743457e+01,  5.19631312e+00,         2.30464688e-01, -7.82432723e-01,  4.65998480e+01,         3.74049549e-01,  1.39503608e-01,  3.14000000e-01],       [ 5.03195070e+01,  5.03814516e+01,  5.20346496e+00,         2.02087486e-01, -7.81004134e-01,  4.74078795e+01,         3.66383398e-01,  1.39164610e-01,  3.14000000e-01],       [ 5.04556075e+01,  5.01869662e+01,  5.16157235e+00,         6.23560550e-01, -8.98350293e-01,  4.79254248e+01,         3.16417371e-01,  1.18162976e-01,  2.21144839e-01],       [ 5.03591765e+01,  5.03637318e+01,  5.18602712e+00,         2.30665927e-01, -7.76746112e-01,  4.73108558e+01,         3.65907049e-01,  1.36953570e-01,  3.14000000e-01],       [ 5.03664095e+01,  5.03740200e+01,  5.18687300e+00,         1.96568225e-01, -8.01378820e-01,  4.69277489e+01,         3.66262501e-01,  1.38035612e-01,  3.14000000e-01],       [ 5.03699821e+01,  5.03767143e+01,  5.18325183e+00,         1.74625477e-01, -7.95006170e-01,  4.71896624e+01,         3.63724714e-01,  1.38509504e-01,  3.14000000e-01],       [ 5.04296894e+01,  5.03190861e+01,  5.16196067e+00,         9.04329680e-01,  1.53955822e-02,  4.71088381e+01,         2.85788886e-01,  1.32070997e-01,  2.20622617e-01],       [ 5.03540421e+01,  5.03747002e+01,  5.18836747e+00,         1.76395950e-01, -8.17753648e-01,  4.68253341e+01,         3.66090823e-01,  1.37689471e-01,  3.14000000e-01],       [ 5.03481446e+01,  5.03876924e+01,  5.18606193e+00,         1.74787637e-01, -8.08344711e-01,  4.68327405e+01,         3.65457316e-01,  1.38297253e-01,  3.14000000e-01],       [ 5.03547500e+01,  5.03858100e+01,  5.18793459e+00,         1.80081542e-01, -8.05110791e-01,  4.66585059e+01,         3.63547546e-01,  1.37213540e-01,  3.14000000e-01],       [ 5.04072785e+01,  5.02604019e+01,  5.19759433e+00,         6.60486219e-01, -3.82565385e-01,  4.69105009e+01,         3.06335131e-01,  1.34509916e-01,  2.77412499e-01],       [ 5.03571387e+01,  5.03865008e+01,  5.19609392e+00,         1.51198603e-01, -7.80953849e-01,  4.65277679e+01,         3.61694046e-01,  1.35733024e-01,  3.14000000e-01],       [ 5.03880286e+01,  5.03734456e+01,  5.18969453e+00,         1.93252668e-01, -7.88834313e-01,  4.64901058e+01,         3.57750250e-01,  1.37824527e-01,  3.14000000e-01],       [ 5.03822296e+01,  5.03879454e+01,  5.18116673e+00,         1.61229253e-01, -7.94412458e-01,  4.68094395e+01,         3.61511874e-01,  1.39093442e-01,  3.14000000e-01],       [ 5.05201856e+01,  5.02256326e+01,  5.20257836e+00,         9.79942914e-01, -4.87042027e-01,  4.99241208e+01,         3.00958175e-01,  1.33794092e-01,  2.77200076e-01],       [ 5.03571536e+01,  5.03748947e+01,  5.19608529e+00,         1.99515314e-01, -8.01477337e-01,  4.73419714e+01,         3.80000000e-01,  1.43251131e-01,  3.14000000e-01],       [ 5.03575262e+01,  5.03810084e+01,  5.18300231e+00,         1.97150348e-01, -8.06797776e-01,  4.67616300e+01,         3.64326505e-01,  1.37876305e-01,  3.14000000e-01],       [ 5.03692081e+01,  5.03837969e+01,  5.18870472e+00,         2.13104918e-01, -7.99716370e-01,  4.69080238e+01,         3.65620182e-01,  1.38429935e-01,  3.14000000e-01],       [ 5.05623833e+01,  5.01741638e+01,  5.09131058e+00,         5.21616567e-01, -4.04916214e-01,  4.97559116e+01,         2.97415545e-01,  1.15689396e-01,  7.61236897e-02],       [ 5.03669914e+01,  5.03830901e+01,  5.19532773e+00,         1.55648502e-01, -8.10894951e-01,  4.74706931e+01,         3.80000000e-01,  1.45460666e-01,  3.07091563e-01],       [ 5.03723213e+01,  5.03625639e+01,  5.19809432e+00,         2.40047866e-01, -8.08646483e-01,  4.69688886e+01,         3.80000000e-01,  1.44154004e-01,  3.14000000e-01],       [ 5.03532121e+01,  5.03638827e+01,  5.19543246e+00,         2.38135558e-01, -8.01562141e-01,  4.74625440e+01,         3.80000000e-01,  1.41281454e-01,  3.14000000e-01],       [ 5.05459571e+01,  5.02786867e+01,  5.21056895e+00,         2.86430207e-01, -5.43793580e-01,  4.93739342e+01,         3.02644407e-01,  1.16249518e-01,  1.45760957e-01],       [ 5.03563668e+01,  5.03683057e+01,  5.19612856e+00,         2.54393523e-01, -8.00142926e-01,  4.78079257e+01,         3.80000000e-01,  1.41082790e-01,  3.10886262e-01],       [ 5.03553928e+01,  5.03637652e+01,  5.19741714e+00,         2.45071272e-01, -7.96977883e-01,  4.74492985e+01,         3.80000000e-01,  1.42369848e-01,  3.14000000e-01],       [ 5.03491713e+01,  5.03587034e+01,  5.19352402e+00,         2.57389962e-01, -8.03040053e-01,  4.75665331e+01,         3.80000000e-01,  1.40684962e-01,  3.14000000e-01],       [ 5.05450767e+01,  5.04451484e+01,  5.09925392e+00,        -1.75283848e-01, -4.15045682e-01,  4.69929502e+01,         3.28239193e-01,  1.14172747e-01,  2.31857381e-01],       [ 5.03567514e+01,  5.03636537e+01,  5.19698547e+00,         2.31105406e-01, -7.91283548e-01,  4.73724589e+01,         3.80000000e-01,  1.41914520e-01,  3.14000000e-01],       [ 5.03516780e+01,  5.03601831e+01,  5.19543172e+00,         2.66745429e-01, -8.09082811e-01,  4.72989870e+01,         3.80000000e-01,  1.42565011e-01,  3.14000000e-01],       [ 5.03544463e+01,  5.03508626e+01,  5.20088283e+00,         2.18760455e-01, -7.91178637e-01,  4.74419937e+01,         3.80000000e-01,  1.41776887e-01,  3.14000000e-01],       [ 5.04015853e+01,  5.04039652e+01,  5.18889552e+00,         3.52358368e-01,  2.86321977e-01,  4.98417825e+01,         3.09360983e-01,  1.39280672e-01,  6.37287675e-02],       [ 5.03521124e+01,  5.03585730e+01,  5.20411922e+00,         1.96489028e-01, -8.00529576e-01,  4.76279997e+01,         3.80000000e-01,  1.41115924e-01,  3.12029060e-01],       [ 5.03635515e+01,  5.03627347e+01,  5.20165556e+00,         1.85873834e-01, -7.35426112e-01,  4.77977728e+01,         3.80000000e-01,  1.43971569e-01,  3.14000000e-01],       [ 5.03486914e+01,  5.03561063e+01,  5.20063099e+00,         2.37983127e-01, -8.08976521e-01,  4.73434321e+01,         3.80000000e-01,  1.39224577e-01,  3.14000000e-01],       [ 5.04368932e+01,  5.02603484e+01,  5.20788468e+00,         7.15008119e-01,  3.14047983e-01,  4.92101256e+01,         2.85075017e-01,  1.03782365e-01,  5.88035732e-02],       [ 5.03556261e+01,  5.03585959e+01,  5.20739282e+00,         1.80266940e-01, -8.01881732e-01,  4.78013991e+01,         3.80000000e-01,  1.40839215e-01,  3.06661598e-01],       [ 5.03506038e+01,  5.03513442e+01,  5.20898926e+00,         1.51805094e-01, -8.05812924e-01,  4.80555314e+01,         3.80000000e-01,  1.39914349e-01,  3.14000000e-01],       [ 5.03543171e+01,  5.03546436e+01,  5.20162645e+00,         1.82251213e-01, -8.14981565e-01,  4.78112794e+01,         3.80000000e-01,  1.42351854e-01,  3.13466943e-01],       [ 5.05203720e+01,  5.01357857e+01,  5.12236682e+00,        -2.98704576e-01,  5.45810185e-01,  4.67070150e+01,         3.36304493e-01,  1.22131975e-01,  2.21748156e-01],       [ 5.03684811e+01,  5.03559429e+01,  5.21803155e+00,         8.41041486e-02, -7.93742052e-01,  4.83368711e+01,         3.80000000e-01,  1.39019347e-01,  2.94132660e-01],       [ 5.03475262e+01,  5.03439723e+01,  5.22129831e+00,         1.30774474e-01, -8.08685114e-01,  4.83175596e+01,         3.80000000e-01,  1.40823791e-01,  3.14000000e-01],       [ 5.03595799e+01,  5.03572497e+01,  5.20821121e+00,         1.47746174e-01, -8.00469300e-01,  4.80478830e+01,         3.80000000e-01,  1.40563549e-01,  3.06483150e-01],       [ 5.04675434e+01,  5.03127402e+01,  5.16228633e+00,         2.34061999e-03, -1.16662607e+00,  4.74503580e+01,         2.86711943e-01,  1.10396854e-01,  9.96110604e-02],       [ 5.03456380e+01,  5.03570315e+01,  5.21009302e+00,         1.68535449e-01, -8.07614244e-01,  4.78746824e+01,         3.80000000e-01,  1.39650176e-01,  3.14000000e-01],       [ 5.03451417e+01,  5.03540515e+01,  5.21121538e+00,         1.77095863e-01, -8.08793258e-01,  4.79244131e+01,         3.80000000e-01,  1.40399409e-01,  3.13500977e-01],       [ 5.03494036e+01,  5.03523451e+01,  5.21355723e+00,         1.91877277e-01, -8.11452589e-01,  4.79217091e+01,         3.80000000e-01,  1.40270941e-01,  3.11760893e-01],       [ 5.03875453e+01,  5.01335756e+01,  5.13582205e+00,         9.17218746e-01,  3.69187258e-01,  4.68497306e+01,         3.09817223e-01,  1.37972305e-01,  3.45538954e-02],       [ 5.03535736e+01,  5.03522840e+01,  5.20633361e+00,         1.58436211e-01, -7.95527472e-01,  4.78614136e+01,         3.80000000e-01,  1.40274395e-01,  3.11330511e-01],       [ 5.03557798e+01,  5.03540563e+01,  5.20455676e+00,         1.66517387e-01, -7.91478530e-01,  4.78668085e+01,         3.80000000e-01,  1.40865948e-01,  3.10426373e-01],       [ 5.03481613e+01,  5.03561120e+01,  5.20876957e+00,         1.68867772e-01, -8.00656023e-01,  4.78265518e+01,         3.80000000e-01,  1.41578672e-01,  3.13150019e-01],       [ 5.04351371e+01,  5.04195538e+01,  5.10661617e+00,        -3.41992917e-01,  2.52833513e-01,  4.70675579e+01,         3.07596430e-01,  1.01980296e-01,  8.13722756e-02],       [ 5.03541759e+01,  5.03537157e+01,  5.20903704e+00,         1.58154117e-01, -8.10440457e-01,  4.77597475e+01,         3.80000000e-01,  1.39942017e-01,  3.10840162e-01],       [ 5.03519285e+01,  5.03544102e+01,  5.20966727e+00,         1.54765827e-01, -8.05227475e-01,  4.79718370e+01,         3.80000000e-01,  1.39835325e-01,  3.13373409e-01],       [ 5.03513209e+01,  5.03531112e+01,  5.21277463e+00,         1.56171571e-01, -8.06992517e-01,  4.78115907e+01,         3.80000000e-01,  1.40108775e-01,  3.12035779e-01],       [ 5.05142230e+01,  5.04227820e+01,  5.22534404e+00,        -4.26248262e-01,  6.32055286e-01,  4.53434197e+01,         2.83524689e-01,  1.20643709e-01,  2.26068404e-01],       [ 5.03512513e+01,  5.03539598e+01,  5.21246859e+00,         1.36359110e-01, -8.05468300e-01,  4.78636147e+01,         3.80000000e-01,  1.40002495e-01,  3.14000000e-01],       [ 5.03507637e+01,  5.03498848e+01,  5.21454824e+00,         1.45925743e-01, -8.05916303e-01,  4.80162968e+01,         3.80000000e-01,  1.39835744e-01,  3.14000000e-01],       [ 5.03480849e+01,  5.03562184e+01,  5.21235242e+00,         1.30945187e-01, -8.11567903e-01,  4.80353155e+01,         3.80000000e-01,  1.39552318e-01,  3.13131841e-01],       [ 5.05505454e+01,  5.04272457e+01,  5.14692403e+00,        -8.17295966e-01, -6.67546212e-01,  4.53180114e+01,         2.84211059e-01,  9.88007106e-02,  3.46471779e-02],       [ 5.03482439e+01,  5.03542691e+01,  5.21216080e+00,         9.00146409e-02, -7.87609735e-01,  4.78982313e+01,         3.80000000e-01,  1.39492786e-01,  3.14000000e-01],       [ 5.03572385e+01,  5.03469298e+01,  5.21820298e+00,         9.18442834e-02, -8.08505760e-01,  4.81123846e+01,         3.80000000e-01,  1.39080528e-01,  3.14000000e-01],       [ 5.03491669e+01,  5.03512011e+01,  5.21694827e+00,         1.09624156e-01, -8.03823769e-01,  4.80551179e+01,         3.80000000e-01,  1.39428310e-01,  3.14000000e-01],       [ 5.05916256e+01,  5.05149633e+01,  5.22443132e+00,        -5.88625502e-01, -1.36707687e-01,  4.58875290e+01,         3.23493923e-01,  9.96453655e-02,  1.62137164e-01],       [ 5.03511733e+01,  5.03433183e+01,  5.22336814e+00,         1.10310733e-01, -8.08195964e-01,  4.82442643e+01,         3.80000000e-01,  1.39522543e-01,  3.14000000e-01],       [ 5.03474538e+01,  5.03500353e+01,  5.21999370e+00,         9.22570417e-02, -8.13293711e-01,  4.81799258e+01,         3.80000000e-01,  1.38517631e-01,  3.14000000e-01],       [ 5.03547630e+01,  5.03470597e+01,  5.22180730e+00,         1.02419591e-01, -8.05967470e-01,  4.80438322e+01,         3.80000000e-01,  1.37921969e-01,  3.13067310e-01],       [ 5.06217753e+01,  5.01624027e+01,  5.14116339e+00,        -8.46263699e-01, -8.62821719e-01,  4.89112082e+01,         3.10236478e-01,  9.17693609e-02,  1.05753429e-01],       [ 5.03574632e+01,  5.03387188e+01,  5.22428646e+00,         9.09054944e-02, -8.06970356e-01,  4.80790366e+01,         3.78888467e-01,  1.39261540e-01,  3.14000000e-01],       [ 5.03594376e+01,  5.03382801e+01,  5.22601970e+00,         1.19115116e-01, -8.00707715e-01,  4.81838429e+01,         3.80000000e-01,  1.39578087e-01,  3.14000000e-01],       [ 5.03629369e+01,  5.03396164e+01,  5.22977321e+00,         9.37523601e-02, -8.06617677e-01,  4.80788878e+01,         3.80000000e-01,  1.39929476e-01,  3.14000000e-01],       [ 5.04631140e+01,  5.05205973e+01,  5.09952101e+00,        -8.39533086e-01, -2.83468625e-02,  4.34262478e+01,         2.80400863e-01,  1.21591140e-01,  1.52356373e-01],       [ 5.03534001e+01,  5.03449526e+01,  5.22483413e+00,         8.41694836e-02, -8.00462469e-01,  4.79868684e+01,         3.80000000e-01,  1.39917489e-01,  3.14000000e-01],       [ 5.03451475e+01,  5.03450044e+01,  5.22409272e+00,         1.04596335e-01, -8.11315672e-01,  4.81930442e+01,         3.80000000e-01,  1.40151480e-01,  3.14000000e-01],       [ 5.03471508e+01,  5.03483596e+01,  5.22002271e+00,         1.08638531e-01, -8.01120120e-01,  4.81089737e+01,         3.80000000e-01,  1.38804065e-01,  3.13971585e-01],       [ 5.04206509e+01,  5.02825482e+01,  5.23322130e+00,        -8.93021871e-01,  4.35158833e-01,  4.44386645e+01,         2.83121530e-01,  1.02994152e-01,  1.56876971e-01],       [ 5.03508123e+01,  5.03385060e+01,  5.22305485e+00,         1.27998631e-01, -8.13139482e-01,  4.83018141e+01,         3.80000000e-01,  1.38815260e-01,  3.14000000e-01],       [ 5.03615440e+01,  5.03355537e+01,  5.22406489e+00,         1.09696154e-01, -8.17878008e-01,  4.81504395e+01,         3.80000000e-01,  1.40035585e-01,  3.14000000e-01],       [ 5.03587740e+01,  5.03390921e+01,  5.21869130e+00,         1.14097523e-01, -8.07822330e-01,  4.82242604e+01,         3.80000000e-01,  1.38066229e-01,  3.14000000e-01],       [ 5.06454067e+01,  5.05433088e+01,  5.23563570e+00,         1.05062865e-01, -5.65454681e-01,  4.49686954e+01,         2.80670463e-01,  9.53672247e-02,  8.27620987e-02],       [ 5.03571797e+01,  5.03530443e+01,  5.22285979e+00,         9.09368318e-02, -8.02407713e-01,  4.80173785e+01,         3.80000000e-01,  1.39873960e-01,  3.14000000e-01],       [ 5.03593179e+01,  5.03471052e+01,  5.22258933e+00,         1.07882200e-01, -8.02323599e-01,  4.81774151e+01,         3.80000000e-01,  1.39978469e-01,  3.14000000e-01],       [ 5.03609286e+01,  5.03550274e+01,  5.22174103e+00,         1.25419095e-01, -8.08323360e-01,  4.79520843e+01,         3.80000000e-01,  1.39944325e-01,  3.10874706e-01],       [ 5.06451752e+01,  5.04400277e+01,  5.18900840e+00,        -7.01321217e-01, -8.52503012e-01,  4.64964041e+01,         2.80226378e-01,  1.23249776e-01,  7.10164419e-03],       [ 5.03576906e+01,  5.03464009e+01,  5.21956556e+00,         1.03951306e-01, -7.94461719e-01,  4.79649355e+01,         3.80000000e-01,  1.39957723e-01,  3.14000000e-01],       [ 5.03531561e+01,  5.03447151e+01,  5.21923724e+00,         1.04755893e-01, -8.05167262e-01,  4.81598849e+01,         3.79713794e-01,  1.39196259e-01,  3.14000000e-01],       [ 5.03537974e+01,  5.03487274e+01,  5.21729135e+00,         1.19721241e-01, -8.07463800e-01,  4.80850527e+01,         3.80000000e-01,  1.39601655e-01,  3.14000000e-01],       [ 5.06423922e+01,  5.02804369e+01,  5.13109787e+00,        -3.93333319e-01, -1.18899014e+00,  4.63660763e+01,         2.97326576e-01,  9.53777705e-02,  1.04405440e-01],       [ 5.03519610e+01,  5.03470868e+01,  5.21847012e+00,         1.08371266e-01, -8.03786182e-01,  4.81241649e+01,         3.80000000e-01,  1.39323851e-01,  3.14000000e-01],       [ 5.03533489e+01,  5.03485427e+01,  5.21924308e+00,         1.09228442e-01, -8.03709260e-01,  4.81941950e+01,         3.79963659e-01,  1.39523111e-01,  3.14000000e-01],       [ 5.04945791e+01,  5.02586131e+01,  5.31541543e+00,        -1.94373902e-01, -7.84001082e-01,  4.77605995e+01,         3.80000000e-01,  1.50000000e-01,  3.07674780e-01],       [ 5.06029814e+01,  5.05997572e+01,  5.15793853e+00,        -2.24590819e-01, -5.63767573e-01,  4.35740905e+01,         3.30074840e-01,  9.90795798e-02,  1.14873988e-01],       [ 5.03588786e+01,  5.03481518e+01,  5.21609840e+00,         8.28932962e-02, -7.96897561e-01,  4.80569969e+01,         3.76607464e-01,  1.39504678e-01,  3.14000000e-01],       [ 5.03544183e+01,  5.03452429e+01,  5.21960966e+00,         9.22472653e-02, -8.04486843e-01,  4.82331859e+01,         3.80000000e-01,  1.39367876e-01,  3.14000000e-01],       [ 5.03516149e+01,  5.03480471e+01,  5.22003158e+00,         1.14148943e-01, -8.06319172e-01,  4.82022391e+01,         3.80000000e-01,  1.39247846e-01,  3.14000000e-01],       [ 5.06106629e+01,  5.06246385e+01,  5.11105956e+00,        -5.67549881e-02,  1.69101150e-01,  4.51456789e+01,         3.57849923e-01,  9.85324509e-02,  1.66481309e-01],       [ 5.03516059e+01,  5.03471443e+01,  5.21849864e+00,         1.10857538e-01, -8.04359240e-01,  4.82584281e+01,         3.80000000e-01,  1.39079212e-01,  3.14000000e-01],       [ 5.03524873e+01,  5.03463308e+01,  5.21933623e+00,         9.58581232e-02, -8.04125746e-01,  4.82273459e+01,         3.80000000e-01,  1.39633082e-01,  3.14000000e-01],       [ 5.03526117e+01,  5.03490220e+01,  5.21722947e+00,         1.24991171e-01, -8.04425739e-01,  4.81032254e+01,         3.80000000e-01,  1.39598546e-01,  3.11359297e-01],       [ 5.06330834e+01,  5.04581187e+01,  5.25671923e+00,        -3.88011549e-01, -8.12072646e-01,  4.41418735e+01,         3.27586026e-01,  1.00083351e-01,  1.05164380e-01],       [ 5.03515484e+01,  5.03459949e+01,  5.21889680e+00,         1.11108793e-01, -8.01548887e-01,  4.81626800e+01,         3.80000000e-01,  1.39526652e-01,  3.13744139e-01],       [ 5.03512797e+01,  5.03472274e+01,  5.21921728e+00,         9.33473866e-02, -8.02910030e-01,  4.81989144e+01,         3.80000000e-01,  1.39447399e-01,  3.14000000e-01],       [ 5.03533829e+01,  5.03452090e+01,  5.22080671e+00,         1.13335798e-01, -8.05937983e-01,  4.81385445e+01,         3.80000000e-01,  1.39481619e-01,  3.13069524e-01],       [ 5.06076950e+01,  5.03661646e+01,  5.30461731e+00,         5.67265577e-01, -6.87967656e-01,  4.60286023e+01,         2.84926991e-01,  1.22004823e-01,  7.91257729e-02],       [ 5.03529032e+01,  5.03452543e+01,  5.22316926e+00,         1.04172439e-01, -8.03945641e-01,  4.80863152e+01,         3.80000000e-01,  1.39494784e-01,  3.13203356e-01],       [ 5.03534641e+01,  5.03467855e+01,  5.22128739e+00,         9.42766956e-02, -8.03927358e-01,  4.82311562e+01,         3.80000000e-01,  1.39791875e-01,  3.14000000e-01],       [ 5.03536799e+01,  5.03459152e+01,  5.22033413e+00,         1.18908800e-01, -8.06716059e-01,  4.80982155e+01,         3.80000000e-01,  1.39349995e-01,  3.11879621e-01],       [ 5.05703604e+01,  5.06152290e+01,  5.14483518e+00,        -5.05320852e-01, -9.19405190e-01,  4.49755711e+01,         3.62683305e-01,  9.67052279e-02,  9.48567741e-02],       [ 5.03538359e+01,  5.03457221e+01,  5.22099196e+00,         1.02472201e-01, -8.07199109e-01,  4.82615068e+01,         3.80000000e-01,  1.39640933e-01,  3.13994730e-01],       [ 5.03572010e+01,  5.03406211e+01,  5.22534256e+00,         8.38655055e-02, -8.04119185e-01,  4.82840452e+01,         3.80000000e-01,  1.39805586e-01,  3.14000000e-01],       [ 5.03538740e+01,  5.03466130e+01,  5.22082888e+00,         1.14382205e-01, -8.06994841e-01,  4.81628163e+01,         3.80000000e-01,  1.39409878e-01,  3.13309212e-01],       [ 5.05059151e+01,  5.02200871e+01,  5.29797883e+00,        -9.55115585e-01, -8.81049550e-02,  4.72007919e+01,         3.24749029e-01,  1.15974015e-01,  2.47157334e-01],       [ 5.03493113e+01,  5.03450040e+01,  5.22339866e+00,         1.02466666e-01, -8.11664569e-01,  4.82636222e+01,         3.80000000e-01,  1.39483941e-01,  3.14000000e-01],       [ 5.03489344e+01,  5.03489020e+01,  5.22021000e+00,         1.09379434e-01, -8.05364288e-01,  4.82161131e+01,         3.80000000e-01,  1.39448974e-01,  3.14000000e-01],       [ 5.03523947e+01,  5.03443250e+01,  5.22218126e+00,         1.02393595e-01, -8.04199023e-01,  4.82170793e+01,         3.80000000e-01,  1.39360716e-01,  3.14000000e-01],       [ 5.04940830e+01,  5.02069753e+01,  5.31411694e+00,        -5.75572329e-01, -6.30945119e-01,  4.47675087e+01,         3.61709588e-01,  1.29582477e-01,  1.38398648e-01],       [ 5.03517539e+01,  5.03488017e+01,  5.21890205e+00,         1.05797432e-01, -8.03740483e-01,  4.81612327e+01,         3.80000000e-01,  1.39697182e-01,  3.14000000e-01],       [ 5.03555821e+01,  5.03463346e+01,  5.22197408e+00,         1.16414383e-01, -8.00675923e-01,  4.81113292e+01,         3.80000000e-01,  1.40066156e-01,  3.14000000e-01],       [ 5.03510961e+01,  5.03464569e+01,  5.22131910e+00,         1.09125414e-01, -8.07800328e-01,  4.81573205e+01,         3.80000000e-01,  1.39870462e-01,  3.14000000e-01],       [ 5.05998980e+01,  5.02529775e+01,  5.20010187e+00,        -6.40271439e-01, -9.98548239e-03,  4.44005132e+01,         3.68685498e-01,  1.04825417e-01,  1.61257095e-01],       [ 5.04946638e+01,  5.05293282e+01,  5.32220590e+00,         2.26983941e-01, -1.12850973e+00,  4.84152424e+01,         3.80000000e-01,  1.09522543e-01,  3.14000000e-01],       [ 5.03470960e+01,  5.03501528e+01,  5.22089324e+00,         8.98721985e-02, -8.04858675e-01,  4.82740272e+01,         3.80000000e-01,  1.39775173e-01,  3.14000000e-01],       [ 5.03547644e+01,  5.03462194e+01,  5.21896563e+00,         9.13033182e-02, -8.01526148e-01,  4.82381278e+01,         3.80000000e-01,  1.39292550e-01,  3.13993753e-01],       [ 5.04977270e+01,  5.05894075e+01,  5.31147506e+00,         2.62005585e-01,  3.39317523e-01,  4.60147385e+01,         3.53157909e-01,  1.27732337e-01,  1.56468624e-01],       [ 5.03548513e+01,  5.03451216e+01,  5.22161451e+00,         9.20540611e-02, -8.01294961e-01,  4.82548531e+01,         3.80000000e-01,  1.39230590e-01,  3.11130385e-01],       [ 5.04480705e+01,  5.03272676e+01,  5.24359804e+00,        -1.41742898e-04, -8.70243053e-01,  4.80992032e+01,         3.80000000e-01,  1.33405227e-01,  2.94726034e-01],       [ 5.03598891e+01,  5.03310100e+01,  5.23758528e+00,         8.73911268e-02, -8.01005316e-01,  4.84181736e+01,         3.80000000e-01,  1.39409319e-01,  3.14000000e-01],       [ 5.04817469e+01,  5.05946756e+01,  5.18376890e+00,        -4.80206074e-01,  3.50018434e-01,  4.52302903e+01,         2.89606738e-01,  1.13937640e-01,  2.92284478e-02],       [ 5.03581072e+01,  5.03378818e+01,  5.22735388e+00,         7.65886010e-02, -7.95097895e-01,  4.82090324e+01,         3.79512687e-01,  1.39170681e-01,  3.11143285e-01],       [ 5.03549431e+01,  5.03430569e+01,  5.22267134e+00,         8.74158976e-02, -8.02912615e-01,  4.82651580e+01,         3.80000000e-01,  1.39515036e-01,  3.14000000e-01],       [ 5.03676862e+01,  5.03319552e+01,  5.23647175e+00,         6.10836735e-02, -8.01676152e-01,  4.82671686e+01,         3.80000000e-01,  1.38352503e-01,  3.13482379e-01],       [ 5.04869669e+01,  5.04104305e+01,  5.30395365e+00,        -2.05347484e-01, -8.79593352e-01,  4.69414805e+01,         3.41219699e-01,  9.03534844e-02,  1.44264948e-01],       [ 5.03536751e+01,  5.03497905e+01,  5.21705744e+00,         1.01104254e-01, -8.00510315e-01,  4.80777436e+01,         3.80000000e-01,  1.39206395e-01,  3.11986550e-01],       [ 5.03564362e+01,  5.03563707e+01,  5.21336363e+00,         1.14672050e-01, -7.97370085e-01,  4.80231114e+01,         3.80000000e-01,  1.39704884e-01,  3.08562188e-01],       [ 5.03531870e+01,  5.03546803e+01,  5.21632659e+00,         1.22313688e-01, -7.99529158e-01,  4.80906159e+01,         3.80000000e-01,  1.38951109e-01,  3.09800580e-01],       [ 5.06130017e+01,  5.06345432e+01,  5.26509032e+00,        -4.43630979e-01, -1.20737726e+00,  4.58085832e+01,         3.07940831e-01,  1.12569012e-01,  2.17180917e-01],       [ 5.03533673e+01,  5.03446471e+01,  5.22044153e+00,         1.05205226e-01, -8.06205569e-01,  4.81818015e+01,         3.79128782e-01,  1.39460291e-01,  3.14000000e-01],       [ 5.03499003e+01,  5.03479856e+01,  5.21933792e+00,         1.02181981e-01, -8.04537453e-01,  4.81938699e+01,         3.79799888e-01,  1.39205213e-01,  3.14000000e-01],       [ 5.03502972e+01,  5.03462209e+01,  5.22113479e+00,         1.14654037e-01, -8.03799868e-01,  4.82469209e+01,         3.80000000e-01,  1.39557188e-01,  3.14000000e-01],       [ 5.05003835e+01,  5.04034541e+01,  5.22055269e+00,        -8.45875365e-01, -1.29660429e+00,  4.69645428e+01,         3.17478692e-01,  1.28050584e-01,  2.28741356e-01],       [ 5.03542252e+01,  5.03471618e+01,  5.21695915e+00,         1.08766097e-01, -8.07319187e-01,  4.81634933e+01,         3.78739211e-01,  1.39281741e-01,  3.14000000e-01],       [ 5.03538751e+01,  5.03476735e+01,  5.21886641e+00,         1.00331933e-01, -8.02288748e-01,  4.81992758e+01,         3.80000000e-01,  1.39989215e-01,  3.14000000e-01],       [ 5.03519820e+01,  5.03510760e+01,  5.22026239e+00,         8.27534730e-02, -8.01056315e-01,  4.82109857e+01,         3.78037458e-01,  1.39180111e-01,  3.14000000e-01],       [ 5.06283964e+01,  5.03670157e+01,  5.26307413e+00,         4.30834864e-01, -1.27593566e+00,  4.44602470e+01,         3.16885597e-01,  9.45009064e-02,  1.19341677e-01],       [ 5.03545219e+01,  5.03474364e+01,  5.21752426e+00,         1.17457076e-01, -8.02765474e-01,  4.81606940e+01,         3.79314364e-01,  1.39340418e-01,  3.14000000e-01],       [ 5.03517453e+01,  5.03468885e+01,  5.21993347e+00,         1.03350656e-01, -8.08376729e-01,  4.82444146e+01,         3.79593239e-01,  1.39126881e-01,  3.14000000e-01],       [ 5.03516720e+01,  5.03463776e+01,  5.22310141e+00,         1.22219292e-01, -8.05775568e-01,  4.81780462e+01,         3.80000000e-01,  1.39546791e-01,  3.14000000e-01],       [ 5.05131937e+01,  5.03383747e+01,  5.17193946e+00,        -1.81343482e-01, -1.25183224e+00,  4.48489619e+01,         2.97817219e-01,  1.27977172e-01,  2.48904616e-01],       [ 5.03556631e+01,  5.03491200e+01,  5.21724256e+00,         1.14940942e-01, -8.05520193e-01,  4.81171487e+01,         3.78779395e-01,  1.38989107e-01,  3.14000000e-01],       [ 5.03509476e+01,  5.03462955e+01,  5.21990852e+00,         1.24270992e-01, -8.03348799e-01,  4.81164353e+01,         3.79493878e-01,  1.39585647e-01,  3.14000000e-01],       [ 5.03532057e+01,  5.03482003e+01,  5.22508833e+00,         8.78916130e-02, -7.97870279e-01,  4.82430649e+01,         3.79197953e-01,  1.38312603e-01,  3.14000000e-01],       [ 5.05022478e+01,  5.05478230e+01,  5.21952640e+00,        -5.24534186e-01, -3.34854648e-01,  4.47392844e+01,         3.66843112e-01,  9.62006799e-02,  1.81845025e-01],       [ 5.03000000e+01,  5.06115729e+01,  5.15556726e+00,        -6.65538718e-01, -7.09436906e-01,  4.41634933e+01,         3.80000000e-01,  1.26549641e-01,  1.81576071e-01],       [ 5.03520097e+01,  5.03475735e+01,  5.21934787e+00,         1.13862398e-01, -8.03972494e-01,  4.81453536e+01,         3.79898408e-01,  1.39768304e-01,  3.12815342e-01],       [ 5.03000000e+01,  5.01341354e+01,  5.33000000e+00,        -5.19129129e-01, -5.03231126e-01,  4.91358211e+01,         3.80000000e-01,  1.50000000e-01,  3.14000000e-01],       [ 5.04817321e+01,  5.03827267e+01,  5.24542358e+00,         6.03283663e-01, -6.37138740e-01,  4.64376143e+01,         3.03949718e-01,  9.46587782e-02,  1.50849146e-01],       [ 5.03591988e+01,  5.03503993e+01,  5.21424120e+00,         1.07496522e-01, -8.00932935e-01,  4.80495956e+01,         3.75988607e-01,  1.39019106e-01,  3.11138980e-01],       [ 5.03542344e+01,  5.03468584e+01,  5.22067357e+00,         7.32946555e-02, -8.12002001e-01,  4.82866929e+01,         3.78740120e-01,  1.39811688e-01,  3.14000000e-01],       [ 5.03498964e+01,  5.03480130e+01,  5.21861312e+00,         1.05931237e-01, -8.03039273e-01,  4.81989690e+01,         3.80000000e-01,  1.40023110e-01,  3.13977749e-01],       [ 5.06485920e+01,  5.03160085e+01,  5.32165258e+00,        -5.88053456e-01,  2.63020850e-01,  4.45883556e+01,         3.26790960e-01,  9.20485154e-02,  1.27743074e-02],       [ 5.03486386e+01,  5.03459442e+01,  5.21760521e+00,         7.37544618e-02, -8.13592635e-01,  4.83644975e+01,         3.79791754e-01,  1.40188694e-01,  3.14000000e-01],       [ 5.03572650e+01,  5.03479602e+01,  5.21932625e+00,         2.48162843e-02, -8.13631098e-01,  4.84758229e+01,         3.78279122e-01,  1.40530818e-01,  3.14000000e-01],       [ 5.03535309e+01,  5.03381449e+01,  5.21999658e+00,         1.04913997e-02, -8.25499914e-01,  4.86397837e+01,         3.80000000e-01,  1.41366395e-01,  3.14000000e-01],       [ 5.05718278e+01,  5.05720100e+01,  5.24719753e+00,         8.36805511e-02, -5.71113535e-01,  4.35747580e+01,         2.93589785e-01,  1.11090247e-01,  1.75097660e-01],       [ 5.03751442e+01,  5.03375998e+01,  5.22497003e+00,         5.92816820e-02, -8.25811229e-01,  4.79890870e+01,         3.80000000e-01,  1.41761236e-01,  3.12779327e-01],       [ 5.03000000e+01,  5.02773888e+01,  5.25687164e+00,         3.32706153e-01, -7.28034614e-01,  4.41634933e+01,         3.80000000e-01,  1.18916802e-01,  3.14000000e-01],       [ 5.03515494e+01,  5.03464502e+01,  5.22346431e+00,         1.13602941e-01, -8.02663699e-01,  4.83460950e+01,         3.80000000e-01,  1.39574856e-01,  3.14000000e-01],       [ 5.06436207e+01,  5.06060150e+01,  5.15002083e+00,        -1.25658427e-01,  4.03776065e-01,  4.31606431e+01,         2.84060679e-01,  1.17410815e-01,  2.56230236e-01],       [ 5.03537917e+01,  5.03406596e+01,  5.22510907e+00,         7.99394718e-02, -8.12282481e-01,  4.83450754e+01,         3.80000000e-01,  1.39995094e-01,  3.13155652e-01],       [ 5.03323087e+01,  5.04985642e+01,  5.32725106e+00,        -8.91233903e-01, -1.43034349e+00,  5.00000000e+01,         3.80000000e-01,  1.30491663e-01,  3.14000000e-01],       [ 5.03608497e+01,  5.03463951e+01,  5.22409880e+00,         3.70854850e-02, -8.12760315e-01,  4.85276258e+01,         3.78401319e-01,  1.40247389e-01,  3.14000000e-01],       [ 5.04778688e+01,  5.05132954e+01,  5.31595489e+00,         2.47961936e-01, -5.46419576e-01,  4.25730339e+01,         3.51237787e-01,  1.19637149e-01,  2.03195718e-01],       [ 5.03573822e+01,  5.03427703e+01,  5.22599987e+00,         8.23360283e-02, -8.10150584e-01,  4.83062853e+01,         3.80000000e-01,  1.40198481e-01,  3.12956681e-01],       [ 5.03500951e+01,  5.03473955e+01,  5.21962379e+00,         1.15043025e-01, -8.01790591e-01,  4.81785706e+01,         3.80000000e-01,  1.39417492e-01,  3.13951280e-01],       [ 5.03599611e+01,  5.03428854e+01,  5.22734921e+00,         4.77385034e-02, -8.10379549e-01,  4.83269202e+01,         3.78141773e-01,  1.39966168e-01,  3.14000000e-01],       [ 5.04768061e+01,  5.03100284e+01,  5.22397416e+00,         3.62493008e-01, -2.49673601e-01,  4.46818845e+01,         3.62082332e-01,  1.11305314e-01,  1.19293609e-01],       [ 5.04126872e+01,  5.04681247e+01,  5.25138790e+00,         2.06981162e-01, -8.23327034e-01,  4.77864011e+01,         3.70649142e-01,  1.43842610e-01,  2.97943976e-01],       [ 5.03620075e+01,  5.03477900e+01,  5.22033616e+00,         3.43684516e-02, -8.08613160e-01,  4.83140512e+01,         3.76302994e-01,  1.39605356e-01,  3.14000000e-01],       [ 5.03512529e+01,  5.03484142e+01,  5.22123012e+00,         1.13312582e-01, -8.03645781e-01,  4.82926873e+01,         3.80000000e-01,  1.39643188e-01,  3.14000000e-01],       [ 5.04369336e+01,  5.02274350e+01,  5.13831483e+00,         4.54269358e-01,  8.96813758e-01,  4.48330105e+01,         3.47243707e-01,  9.73899265e-02,  2.15799987e-01],       [ 5.03483867e+01,  5.03520959e+01,  5.21905898e+00,         9.14792951e-02, -8.05033820e-01,  4.83467674e+01,         3.79596207e-01,  1.39710012e-01,  3.14000000e-01],       [ 5.03486096e+01,  5.03487492e+01,  5.21993314e+00,         1.22170044e-01, -8.08206812e-01,  4.82361969e+01,         3.80000000e-01,  1.39437876e-01,  3.13768846e-01],       [ 5.03513695e+01,  5.03484470e+01,  5.22235709e+00,         1.12978237e-01, -8.00012743e-01,  4.82080343e+01,         3.80000000e-01,  1.40104791e-01,  3.14000000e-01],       [ 5.04928189e+01,  5.01688395e+01,  5.25379151e+00,         4.10110909e-01, -9.13939823e-02,  4.50539898e+01,         3.38426866e-01,  1.19903113e-01,  8.40589622e-02],       [ 5.03037423e+01,  5.01000000e+01,  5.30666501e+00,        -5.88660075e-02, -1.09475618e+00,  5.00000000e+01,         3.37708604e-01,  1.13251972e-01,  2.75504590e-01],       [ 5.03633868e+01,  5.03780108e+01,  5.23378776e+00,        -2.74633881e-02, -8.08721658e-01,  5.00000000e+01,         3.76479157e-01,  1.44995301e-01,  3.14000000e-01],       [ 5.03522887e+01,  5.03484528e+01,  5.22129249e+00,         1.11207813e-01, -8.01981526e-01,  4.82366572e+01,         3.80000000e-01,  1.39704621e-01,  3.14000000e-01],       [ 5.04752807e+01,  5.01834698e+01,  5.19591099e+00,        -3.56509578e-02, -1.07748004e+00,  4.38867509e+01,         3.65994909e-01,  1.33909163e-01,  8.89856773e-02],       [ 5.03495442e+01,  5.03528714e+01,  5.22104024e+00,         1.11635439e-01, -7.98473445e-01,  4.83502454e+01,         3.79366532e-01,  1.39680642e-01,  3.14000000e-01],       [ 5.03578897e+01,  5.03163365e+01,  5.25604690e+00,         3.17514945e-01, -8.23034949e-01,  4.90520777e+01,         3.80000000e-01,  1.50000000e-01,  3.14000000e-01],       [ 5.03551578e+01,  5.03367014e+01,  5.22988055e+00,         4.22355215e-02, -8.29331684e-01,  4.83508356e+01,         3.79549098e-01,  1.40405881e-01,  3.14000000e-01],       [ 5.05858980e+01,  5.03018039e+01,  5.18064540e+00,        -3.96368764e-01, -9.12654581e-01,  4.27625292e+01,         3.33092551e-01,  1.05923560e-01,  5.88407227e-02],       [ 5.03511456e+01,  5.03478492e+01,  5.22210899e+00,         1.17263108e-01, -8.02852208e-01,  4.82486465e+01,         3.80000000e-01,  1.39574572e-01,  3.11679111e-01],       [ 5.03561425e+01,  5.03466646e+01,  5.22238129e+00,         9.04228630e-02, -8.12328599e-01,  4.85101025e+01,         3.80000000e-01,  1.40942343e-01,  3.14000000e-01],       [ 5.03503227e+01,  5.03481376e+01,  5.22013568e+00,         1.14089612e-01, -8.07823902e-01,  4.82048686e+01,         3.80000000e-01,  1.39702658e-01,  3.14000000e-01],       [ 5.04941548e+01,  5.05385012e+01,  5.23296440e+00,        -6.66502284e-01, -1.43341422e+00,  4.63095766e+01,         3.18201752e-01,  1.12254259e-01,  5.23288803e-02],       [ 5.04199955e+01,  5.04697285e+01,  5.18154255e+00,         1.36615735e-01, -7.64132744e-01,  5.00000000e+01,         3.80000000e-01,  1.09702658e-01,  3.14000000e-01],       [ 5.03211827e+01,  5.03541258e+01,  5.23152165e+00,         1.04707348e-01, -8.35331225e-01,  4.86129857e+01,         3.80000000e-01,  1.48922591e-01,  3.14000000e-01],       [ 5.03526759e+01,  5.03570327e+01,  5.21653637e+00,         1.05309156e-01, -8.02893616e-01,  4.86022801e+01,         3.80000000e-01,  1.36911563e-01,  3.14000000e-01],       [ 5.06260736e+01,  5.02223021e+01,  5.14480213e+00,        -9.75890126e-01, -1.37132576e+00,  4.37734443e+01,         3.24473937e-01,  9.81652077e-02,  1.15821096e-01],       [ 5.03661180e+01,  5.03597179e+01,  5.22105134e+00,         6.81096357e-01, -4.95988557e-01,  5.00000000e+01,         3.30000000e-01,  1.50000000e-01,  2.20271046e-01],       [ 5.03233282e+01,  5.03533638e+01,  5.22078054e+00,         1.81546236e-01, -8.01248928e-01,  4.93721579e+01,         3.80000000e-01,  1.38021139e-01,  3.14000000e-01],       [ 5.03081067e+01,  5.03630236e+01,  5.22981229e+00,         1.32245611e-01, -8.35198875e-01,  4.86493942e+01,         3.77735011e-01,  1.50000000e-01,  3.07600247e-01],       [ 5.05263885e+01,  5.03943169e+01,  5.27435002e+00,        -7.53088306e-01, -2.70158534e-01,  4.28232997e+01,         2.98731347e-01,  1.31066183e-01,  2.00580175e-02],       [ 5.03000000e+01,  5.01238313e+01,  5.10077878e+00,        -8.85910388e-01, -1.50000000e+00,  5.00000000e+01,         3.50507099e-01,  1.13216123e-01,  2.91149080e-01],       [ 5.03471565e+01,  5.03573847e+01,  5.21657246e+00,         1.30071422e-01, -8.08700712e-01,  4.88807544e+01,         3.80000000e-01,  1.35947046e-01,  3.14000000e-01],       [ 5.03720618e+01,  5.03825351e+01,  5.13009451e+00,        -1.95116673e-01, -6.72291499e-01,  4.97403354e+01,         3.80000000e-01,  1.19537181e-01,  3.14000000e-01],       [ 5.04964897e+01,  5.01904832e+01,  5.11020273e+00,         1.44477759e-01,  2.09691712e-01,  4.58540443e+01,         3.47561557e-01,  9.29074731e-02,  1.92295061e-01],       [ 5.03523731e+01,  5.03519459e+01,  5.22198291e+00,         1.20795603e-01, -8.10840745e-01,  4.81080503e+01,         3.80000000e-01,  1.39320140e-01,  3.14000000e-01],       [ 5.03484516e+01,  5.03589123e+01,  5.21845970e+00,         1.13483853e-01, -8.08092229e-01,  4.86961450e+01,         3.80000000e-01,  1.38082344e-01,  3.14000000e-01],       [ 5.03647114e+01,  5.03793609e+01,  5.13899975e+00,        -9.75615433e-02, -5.71326944e-01,  5.00000000e+01,         3.80000000e-01,  1.23362169e-01,  3.14000000e-01],       [ 5.06090284e+01,  5.02461185e+01,  5.13155126e+00,        -2.22305391e-01, -3.96433885e-01,  4.63684065e+01,         3.67028216e-01,  1.30703017e-01,  1.08458670e-01],       [ 5.03479006e+01,  5.03638951e+01,  5.23286651e+00,         2.24723220e-01, -8.00888778e-01,  4.88708232e+01,         3.80000000e-01,  1.36528597e-01,  3.14000000e-01],       [ 5.03448350e+01,  5.03580899e+01,  5.22357364e+00,         8.89501182e-02, -8.13700697e-01,  4.87822013e+01,         3.80000000e-01,  1.38426390e-01,  3.14000000e-01]])
all_costs=array([-2.50635687e+02, -0.00000000e+00, -0.00000000e+00, -0.00000000e+00,       -0.00000000e+00, -0.00000000e+00, -0.00000000e+00, -0.00000000e+00,       -0.00000000e+00, -0.00000000e+00, -0.00000000e+00, -0.00000000e+00,       -0.00000000e+00, -0.00000000e+00, -0.00000000e+00, -0.00000000e+00,        7.17009666e-17, -0.00000000e+00, -0.00000000e+00, -0.00000000e+00,       -0.00000000e+00, -0.00000000e+00, -0.00000000e+00, -0.00000000e+00,       -5.23027763e+01, -1.75197200e+02, -3.15811593e+00, -0.00000000e+00,       -0.00000000e+00, -8.77798429e+00, -0.00000000e+00, -0.00000000e+00,       -3.36996260e+01, -2.96184263e+02, -2.27955310e+02, -0.00000000e+00,       -2.20218588e+02, -3.86174296e+01, -8.57856904e+01, -0.00000000e+00,       -2.69424095e+02, -1.40598669e+02, -1.67012857e+01, -0.00000000e+00,       -1.79384604e+02, -1.00177160e+02, -6.84035588e+01, -0.00000000e+00,       -3.07883231e+02, -0.00000000e+00, -4.56006908e+01, -0.00000000e+00,       -7.35602098e+01, -0.00000000e+00, -3.25455843e+02, -0.00000000e+00,       -1.41876642e+02, -0.00000000e+00, -4.20202145e+02, -0.00000000e+00,       -1.00787370e+02, -2.55503993e+02, -1.05388990e+02, -0.00000000e+00,       -2.41961594e+02, -1.92433237e+02, -4.16432810e+02, -0.00000000e+00,       -3.98488244e+02, -1.54715489e+02, -1.77832915e+02, -0.00000000e+00,       -3.52032341e+02, -5.67665546e+02, -6.14794611e+02, -0.00000000e+00,       -4.98983326e+02, -5.52722739e+02, -1.56481758e+02, -0.00000000e+00,       -5.63039999e+02, -4.85002921e+02, -7.44376056e+02, -0.00000000e+00,       -1.29065310e+02, -7.88317055e+02, -3.11745505e+02, -0.00000000e+00,       -8.55408052e+02, -1.15198455e+03, -9.77783997e+02, -0.00000000e+00,       -1.27287554e+03, -4.88017702e+01, -1.33427133e+03, -0.00000000e+00,       -1.30577834e+03, -3.86088725e+02, -1.88173120e+02, -0.00000000e+00,       -1.64644964e+03, -4.73312752e+02, -1.30533040e+03, -0.00000000e+00,       -5.85707446e+02, -7.36827129e+02, -3.82087656e+02, -0.00000000e+00,       -7.48605771e+02, -1.62261873e+03, -1.42160665e+03, -0.00000000e+00,       -1.26501158e+03, -1.34173670e+03, -1.62812203e+03, -0.00000000e+00,       -3.60983519e+02, -9.64601676e+02, -1.11022222e+03, -0.00000000e+00,       -1.69977716e+03, -1.59317421e+03, -1.14387841e+03, -0.00000000e+00,       -1.46395288e+03, -1.48534984e+03, -1.94322586e+03, -0.00000000e+00,       -1.61589511e+03, -1.86186029e+03, -1.76061814e+03, -0.00000000e+00,       -1.64846652e+03, -1.63629803e+03, -1.84931384e+03, -0.00000000e+00,       -1.99857016e+03, -0.00000000e+00, -1.65649876e+03, -0.00000000e+00,       -2.17429521e+03, -2.11591528e+03, -1.77655910e+03, -0.00000000e+00,       -1.46525792e+03, -1.85627541e+03, -1.89525281e+03, -0.00000000e+00,       -1.97127121e+03, -1.99281141e+03, -1.89803034e+03, -0.00000000e+00,       -1.97252818e+03, -1.64443398e+03, -1.92958375e+03, -0.00000000e+00,       -1.76762475e+03, -2.17537935e+03, -2.20488495e+03, -0.00000000e+00,       -2.12268823e+03, -2.28299687e+03, -2.09517120e+03, -0.00000000e+00,       -1.52788814e+03, -2.07025231e+03, -2.41029817e+03, -0.00000000e+00,       -2.50020304e+03, -1.92759625e+03, -2.02689685e+03, -0.00000000e+00,       -2.25069573e+03, -2.10065594e+03, -2.15075539e+03, -0.00000000e+00,       -1.95993883e+03, -1.76613160e+03, -1.97452844e+03, -0.00000000e+00,       -1.51583797e+03, -2.01629458e+03, -1.82573353e+03, -0.00000000e+00,       -1.83715316e+03, -2.00934694e+03, -1.91773807e+03, -0.00000000e+00,       -2.01033292e+03, -2.25733340e+03, -2.29318543e+03, -0.00000000e+00,       -2.39119506e+03, -2.44226156e+03, -0.00000000e+00, -0.00000000e+00,       -2.11791496e+03, -2.34305550e+03, -2.44393591e+03, -0.00000000e+00,       -1.99373102e+03, -2.45784875e+03, -2.33357737e+03, -0.00000000e+00,       -2.22157533e+03, -2.21910654e+03, -2.48253661e+03, -0.00000000e+00,       -2.40477272e+03, -2.45122360e+03, -1.93254055e+03, -0.00000000e+00,       -2.26097053e+03, -2.29592235e+03, -2.31971965e+03, -0.00000000e+00,       -1.81634865e+03, -2.33985933e+03, -2.25377884e+03, -0.00000000e+00,       -2.08394240e+03, -1.70233508e+03, -1.82858823e+03, -0.00000000e+00,       -0.00000000e+00, -2.20954168e+03, -2.10916278e+03, -0.00000000e+00,       -2.32098134e+03, -0.00000000e+00, -1.80172311e+03, -0.00000000e+00,       -1.61924236e+03, -1.86635349e+03, -1.52095062e+03, -0.00000000e+00,       -2.13052169e+03, -1.67813665e+03, -1.86767461e+03, -0.00000000e+00,       -2.24864469e+03, -2.36895259e+03, -2.39065373e+03, -0.00000000e+00,       -2.50048715e+03, -2.19508251e+03, -2.23054880e+03, -0.00000000e+00,       -2.15905109e+03, -1.99976717e+03, -2.18066257e+03, -0.00000000e+00,       -2.11003529e+03, -2.34945205e+03, -1.78239587e+03, -4.30253697e+02,       -0.00000000e+00, -2.25484484e+03, -0.00000000e+00, -0.00000000e+00,       -1.82622466e+03, -2.46722660e+03, -2.27866032e+03, -0.00000000e+00,       -1.93785007e+03, -2.15367696e+03, -1.47980957e+03, -0.00000000e+00,       -1.65462925e+03, -0.00000000e+00, -2.28736783e+03, -0.00000000e+00,       -2.38761790e+03, -0.00000000e+00, -2.30930958e+03, -0.00000000e+00,       -1.94901972e+03, -2.31890817e+03, -2.31119516e+03, -0.00000000e+00,       -0.00000000e+00, -1.73004041e+03, -2.50914633e+03, -0.00000000e+00,       -2.36563422e+03, -2.45983290e+03, -2.29271964e+03, -0.00000000e+00,       -0.00000000e+00, -0.00000000e+00, -2.25644000e+03, -0.00000000e+00,       -2.13307402e+03, -4.24507665e+02, -1.14841084e+03, -0.00000000e+00,       -2.20296642e+03, -2.30217475e+03, -9.88036886e+04, -0.00000000e+00,       -0.00000000e+00, -3.62655124e+04, -7.75441095e+04, -0.00000000e+00,       -0.00000000e+00, -7.41061805e+04, -1.15116322e+04, -0.00000000e+00,       -0.00000000e+00, -6.43496518e+04, -0.00000000e+00, -0.00000000e+00,       -9.58239387e+04, -7.95967878e+04, -0.00000000e+00, -0.00000000e+00,       -4.85534128e+04, -7.77017320e+04])
all_uncers=array([1.e-08, 1.e-08, 1.e-08, 1.e-08, 1.e-08, 1.e-08, 1.e-08, 1.e-08,       1.e-08, 1.e-08, 1.e-08, 1.e-08, 1.e-08, 1.e-08, 1.e-08, 1.e-08,       1.e-08, 1.e-08, 1.e-08, 1.e-08, 1.e-08, 1.e-08, 1.e-08, 1.e-08,       1.e-08, 1.e-08, 1.e-08, 1.e-08, 1.e-08, 1.e-08, 1.e-08, 1.e-08,       1.e-08, 1.e-08, 1.e-08, 1.e-08, 1.e-08, 1.e-08, 1.e-08, 1.e-08,       1.e-08, 1.e-08, 1.e-08, 1.e-08, 1.e-08, 1.e-08, 1.e-08, 1.e-08,       1.e-08, 1.e-08, 1.e-08, 1.e-08, 1.e-08, 1.e-08, 1.e-08, 1.e-08,       1.e-08, 1.e-08, 1.e-08, 1.e-08, 1.e-08, 1.e-08, 1.e-08, 1.e-08,       1.e-08, 1.e-08, 1.e-08, 1.e-08, 1.e-08, 1.e-08, 1.e-08, 1.e-08,       1.e-08, 1.e-08, 1.e-08, 1.e-08, 1.e-08, 1.e-08, 1.e-08, 1.e-08,       1.e-08, 1.e-08, 1.e-08, 1.e-08, 1.e-08, 1.e-08, 1.e-08, 1.e-08,       1.e-08, 1.e-08, 1.e-08, 1.e-08, 1.e-08, 1.e-08, 1.e-08, 1.e-08,       1.e-08, 1.e-08, 1.e-08, 1.e-08, 1.e-08, 1.e-08, 1.e-08, 1.e-08,       1.e-08, 1.e-08, 1.e-08, 1.e-08, 1.e-08, 1.e-08, 1.e-08, 1.e-08,       1.e-08, 1.e-08, 1.e-08, 1.e-08, 1.e-08, 1.e-08, 1.e-08, 1.e-08,       1.e-08, 1.e-08, 1.e-08, 1.e-08, 1.e-08, 1.e-08, 1.e-08, 1.e-08,       1.e-08, 1.e-08, 1.e-08, 1.e-08, 1.e-08, 1.e-08, 1.e-08, 1.e-08,       1.e-08, 1.e-08, 1.e-08, 1.e-08, 1.e-08, 1.e-08, 1.e-08, 1.e-08,       1.e-08, 1.e-08, 1.e-08, 1.e-08, 1.e-08, 1.e-08, 1.e-08, 1.e-08,       1.e-08, 1.e-08, 1.e-08, 1.e-08, 1.e-08, 1.e-08, 1.e-08, 1.e-08,       1.e-08, 1.e-08, 1.e-08, 1.e-08, 1.e-08, 1.e-08, 1.e-08, 1.e-08,       1.e-08, 1.e-08, 1.e-08, 1.e-08, 1.e-08, 1.e-08, 1.e-08, 1.e-08,       1.e-08, 1.e-08, 1.e-08, 1.e-08, 1.e-08, 1.e-08, 1.e-08, 1.e-08,       1.e-08, 1.e-08, 1.e-08, 1.e-08, 1.e-08, 1.e-08, 1.e-08, 1.e-08,       1.e-08, 1.e-08, 1.e-08, 1.e-08, 1.e-08, 1.e-08, 1.e-08, 1.e-08,       1.e-08, 1.e-08, 1.e-08, 1.e-08, 1.e-08, 1.e-08, 1.e-08, 1.e-08,       1.e-08, 1.e-08, 1.e-08, 1.e-08, 1.e-08, 1.e-08, 1.e-08, 1.e-08,       1.e-08, 1.e-08, 1.e-08, 1.e-08, 1.e-08, 1.e-08, 1.e-08, 1.e-08,       1.e-08, 1.e-08, 1.e-08, 1.e-08, 1.e-08, 1.e-08, 1.e-08, 1.e-08,       1.e-08, 1.e-08, 1.e-08, 1.e-08, 1.e-08, 1.e-08, 1.e-08, 1.e-08,       1.e-08, 1.e-08, 1.e-08, 1.e-08, 1.e-08, 1.e-08, 1.e-08, 1.e-08,       1.e-08, 1.e-08, 1.e-08, 1.e-08, 1.e-08, 1.e-08, 1.e-08, 1.e-08,       1.e-08, 1.e-08, 1.e-08, 1.e-08, 1.e-08, 1.e-08, 1.e-08, 1.e-08,       1.e-08, 1.e-08, 1.e-08, 1.e-08, 1.e-08, 1.e-08, 1.e-08, 1.e-08,       1.e-08, 1.e-08, 1.e-08, 1.e-08, 1.e-08, 1.e-08, 1.e-08, 1.e-08,       1.e-08, 1.e-08, 1.e-08, 1.e-08, 1.e-08, 1.e-08, 1.e-08, 1.e-08,       1.e-08, 1.e-08, 1.e-08, 1.e-08, 1.e-08, 1.e-08, 1.e-08, 1.e-08,       1.e-08, 1.e-08, 1.e-08, 1.e-08, 1.e-08, 1.e-08, 1.e-08, 1.e-08,       1.e-08, 1.e-08, 1.e-08, 1.e-08, 1.e-08, 1.e-08, 1.e-08, 1.e-08,       1.e-08, 1.e-08, 1.e-08, 1.e-08, 1.e-08, 1.e-08])
bad_run_indexs=[]
best_cost=-98803.68860295851
best_params=array([50.35032268, 50.34813755,  5.22013568,  0.11408961, -0.8078239 ,       48.20486859,  0.38      ,  0.13970266,  0.314     ])
best_index=298
worst_cost=7.170096656080975e-17
worst_index=16
cost_range=98803.68860295851
costs_count=318
params_count=237
cost_scaler_init_index=4
net_0={'last_hyperfit': 0, 'last_net_reg': 1e-08, 'regularization_history': [1e-08], 'losses_list': [5.1046224, 0.5284933, 0.14289965, 0.007815425, 0.014034295, 0.0073900083, 0.0004694483, 0.0003309386, 0.00022298202, 6.433853e-05, 2.6410406e-05, 1.3434854e-05, 5.446341e-06, 1.9520512e-06, 9.946859e-07, 7.4075604e-07, 6.261234e-07, 5.6842464e-07, 5.448222e-07, 5.3713785e-07, 5.351195e-07, 5.346845e-07, 5.3460576e-07, 5.345779e-07, 5.345636e-07, 5.3455926e-07, 5.3455966e-07, 5.3455904e-07, 5.3455835e-07, 5.345584e-07, 0.9672898, 0.08244319, 0.03750556, 0.012367565, 0.0026863597, 0.0004965405, 0.00011947929, 3.5406003e-05, 7.4267955e-06, 6.2934605e-06, 5.2617747e-06, 2.7506776e-06, 1.441564e-06, 8.6983243e-07, 6.179076e-07, 5.4990795e-07, 0.40005726, 0.0977219, 0.008806996, 0.0061252494, 0.0033304729, 0.0008151822, 0.0003643347, 5.65126e-05, 3.4162338e-05, 1.1200493e-05, 5.963989e-06, 2.808345e-06, 8.7579315e-07, 7.393154e-07, 5.891542e-07, 5.41273e-07, 0.59480155, 0.049535193, 0.013246994, 0.0019434714, 0.0019667656, 0.00026311935, 0.00019396111, 3.3033604e-05, 1.5761783e-05, 7.673667e-06, 2.469205e-06, 1.6239098e-06, 7.478943e-07, 6.2170574e-07, 5.6427325e-07, 5.4201854e-07, 0.48660833, 0.19544667, 0.062345285, 0.009234627, 0.0027476053, 0.001292117, 0.00088736485, 0.0001642193, 3.8931154e-05, 5.812125e-06, 5.0625367e-06, 3.1422214e-06, 8.9403045e-07, 6.9043597e-07, 0.41886613, 0.15270837, 0.110384814, 0.044991013, 0.015724123, 0.015619631, 0.017845703, 0.010997521, 0.0011737872, 0.0006055482, 8.937189e-05, 6.124175e-05, 1.1615944e-05, 1.37285315e-05, 1.7442924e-06, 8.5689817e-07, 6.4715744e-07, 8.509005e-07, 8.019528e-07, 5.893398e-07, 0.42259982, 0.12157409, 0.08374241, 0.059700776, 0.04119366, 0.03176815, 0.023621077, 0.009515392, 0.0037007926, 0.0024124363, 0.0013925442, 0.00015375056, 0.39303446, 0.04890846, 0.019944143, 0.004002657, 0.001672103, 0.00027152215, 6.864291e-05, 2.6219908e-05, 1.3507795e-05, 7.754422e-06, 4.6040223e-06, 2.7321028e-06, 2.1152705e-06, 1.6863285e-06, 1.0738339e-06, 9.06545e-07, 6.750884e-07, 6.360056e-07, 0.14059347, 0.15460682, 0.08097046, 0.03162869, 0.01760884, 0.0060449466, 0.0020653137, 0.0062988694, 0.1766763, 0.069074474, 0.028586488, 0.020026332, 0.0062696803, 0.0018962245, 0.0010431771, 0.0013050471, 0.00080947165, 0.0003450762, 0.000351598, 0.00014297948, 8.571646e-05, 4.9468475e-05, 1.724556e-05, 2.1054864e-05, 0.15917833, 0.08828775, 0.07449975, 0.02186193, 0.008399507, 0.001961556, 0.0011521167, 0.0006917279, 0.00089323457, 0.0005309383, 0.14344299, 0.04070238, 0.0081892125, 0.0020578394, 0.0011343609, 0.0007081433, 0.00695325, 0.004198608, 0.0816274, 0.01277634, 0.005424043, 0.0048139566, 0.004304566, 0.000991761, 0.06958404, 0.054705977, 0.03709195, 0.032333095, 0.010757718, 0.004560818, 0.005443296, 0.0022856167, 0.0019581697, 0.0029059427, 0.24458173, 0.071283706, 0.037709143, 0.02875156, 0.019796789, 0.016969731, 0.0064732805, 0.005772973, 0.0025246735, 0.0016969703, 0.08620638, 0.27440792, 0.15193768, 0.06758909, 0.09900589, 0.060108848, 0.043296777, 0.041107338, 0.10103745, 0.028656082, 0.018341107, 0.013350332, 0.10155354, 0.013494797, 0.025920445, 0.004772681, 0.004131318, 0.0031432882, 0.074697636, 0.06296718, 0.037488922, 0.028736135, 0.022482028, 0.07753086, 0.5147692, 0.12996925, 0.050369162, 0.02118292, 0.016723784, 0.0055628573, 0.014485371, 0.0024720347, 0.003731192, 0.013431387, 0.18102884, 0.09369354, 0.019835366, 0.02191917, 0.0081104655, 0.0065537007, 0.7323648, 0.23276813, 0.029418811, 0.009933547, 0.0057639484, 0.0031145306, 0.46004128, 0.026407896, 0.0041353204, 0.005334125, 0.0037400932, 0.0010111596, 0.028733421, 0.115385816, 0.40390325, 0.80930585, 0.059529867, 0.01286565, 0.004801744, 0.0029103418, 0.0013593013, 0.0009635544, 0.0006025748, 0.0001837113, 9.74489e-05, 6.3782056e-05, 6.547327e-05, 0.00019654557, 0.6757738, 0.108289085, 0.02545024, 0.013162604, 0.0055490965, 0.0027493183, 0.0010909819, 0.0005367734, 0.00022330994, 0.00010862481, 8.969865e-05, 0.00021106444, 0.6046048, 0.20276742, 0.56339157, 0.039381236, 0.01145856, 0.03350521, 0.0057986523, 0.001093867, 0.0006829915, 0.008212113, 0.16606304, 0.48364824, 0.114793904, 0.04815064, 0.06201266, 0.020617671, 1.1710222, 0.45886272, 0.91276604, 0.25641584, 0.100778766, 0.038229935, 0.028663568, 0.09538061, 0.29609287, 0.06609579, 0.040466327, 0.030113116, 0.017870134, 0.02251342, 0.5298436, 0.09889022, 0.029449428, 0.017775796, 0.011475734, 0.07193294, 0.0020036881, 0.06269702, 0.1542084, 0.054115333, 0.042146567, 0.03362131, 0.030459065, 0.06564881, 0.30193907, 0.20346452, 0.03804263, 0.061180893, 0.2710016, 0.08377641, 0.0658114, 0.03295831, 0.038397364, 0.1844458, 0.9965049, 0.08601651, 0.2728687, 0.06453563, 0.04764023, 0.041626833, 0.07403557, 0.05746608, 0.05021508, 0.08319911, 0.14190781, 0.09552228, 0.20745024, 0.19970864, 0.16496643, 0.20687954, 0.2717469, 0.39594096, 0.38693252, 0.29537418, 0.27537352, 0.21989366, 0.3322252, 0.23239963, 0.20772167, 0.2254033, 0.25084904, 0.14909579, 0.10770886, 0.9389275, 0.2995236, 0.19164275, 0.7812889, 0.4858443, 0.35400805, 0.3151477, 0.46444008, 0.3946801, 0.4005323, 0.38558164, 0.22284259, 0.22465093, 0.25726703, 0.2641306, 0.380107, 0.4953411, 0.39271137, 0.17108369, 0.50050586, 0.21516332, 0.26014766, 0.21224204, 0.12554471, 0.13266204, 0.59604096, 0.32841748, 0.22459698, 0.18661848, 0.15666948, 0.2530854, 0.23876338, 1.0968063, 0.25522298, 0.34148374, 0.1864062, 0.31491408, 0.531278, 0.39851907, 0.84237707, 0.24297053, 0.6146166, 0.2498059, 0.48579755, 0.6521962, 1.6123128, 0.47250322, 0.777831, 0.40826386, 0.56980264, 0.5558691, 0.40978533, 0.35764575, 0.7808585, 0.49383974, 0.45799193, 0.49712962, 0.61180645, 0.47763503, 0.443573, 0.41710177, 0.5884255, 0.43784815, 0.4998438, 0.49270174, 0.43405926, 0.41053385, 0.59756935, 0.5100891, 0.4824215, 0.38111717, 0.6440034, 0.8798406, 0.45736572, 1.1693274, 0.8988431, 0.5329162, 0.99381983, 0.71326655, 0.96767473, 0.48525682, 0.5260903, 0.5248066, 0.46541384, 0.43904623, 0.5431741, 0.40874723, 1.9240588, 0.862581, 0.42975983, 0.6293599, 0.4968968, 0.68399054, 0.41240233, 0.35538203, 0.51391524, 0.40924656, 0.59532535, 0.40231487, 0.41113365, 0.5488872, 0.7415927, 0.55488116, 0.31718442, 0.4079927, 2673.961, 2623.0078, 4404.091, 4216.6235, 5140.9507, 3413.076, 3155.7036, 2585.954, 2519.7627, 2712.6868, 3626.8423, 2537.626, 2498.0078, 2477.2131, 4623.944, 4492.0356, 5420.068, 4798.7026], 'scaler_samples': (array([[ 5.04400000e+01,  5.04100000e+01,  5.10000000e+00,         2.51852443e-01, -7.84446268e-01,  4.58990556e+01,         3.34954290e-01,  1.40000000e-01,  3.14000000e-01],       [ 5.05783078e+01,  5.03761648e+01,  5.20812855e+00,        -1.96944994e-01, -6.72760277e-01,  4.22886764e+01,         2.97566025e-01,  1.44928177e-01,  2.66595222e-01],       [ 5.05274328e+01,  5.04929754e+01,  5.10713148e+00,        -5.22330155e-01, -5.95189394e-01,  4.71664500e+01,         3.43379202e-01,  1.10753600e-01,  2.49612299e-01],       [ 5.06112552e+01,  5.04835259e+01,  5.16140728e+00,        -1.51642203e-02, -4.25940516e-01,  4.64315189e+01,         3.48569217e-01,  1.12288115e-01,  2.38693218e-01]]), array([-250.63568696,   -0.        ,   -0.        ,   -0.        ])), 'net': {'saver_path': 'C:\\Users\\YbMinutes\\labscript-suite\\userlib\\labscriptlib\\ybclock\\analysis\\analysislib-mloop\\M-LOOP_archives\\neural_net_archive_2022-02-14_12-06_D9F1Vx37.ckpt'}}
net_1={'last_hyperfit': 0, 'last_net_reg': 1e-08, 'regularization_history': [1e-08], 'losses_list': [1.7982677, 0.047084264, 0.016694112, 0.014227656, 0.011806275, 0.004946818, 0.0016761259, 0.0006092727, 0.00019147959, 6.774828e-05, 2.6338377e-05, 1.122398e-05, 4.1597154e-06, 1.3979802e-06, 6.5188294e-07, 5.5174564e-07, 5.6712656e-07, 5.649515e-07, 5.520574e-07, 5.4634546e-07, 5.4591897e-07, 5.4591897e-07, 5.45728e-07, 5.456484e-07, 5.456359e-07, 5.45634e-07, 5.4563407e-07, 5.4563344e-07, 5.456333e-07, 5.4563316e-07, 4.338095, 0.02482041, 0.06411168, 0.020226995, 0.00045644335, 0.0031969904, 0.00036025982, 0.00026804683, 0.00013196756, 5.8876367e-06, 1.4971663e-05, 4.5150323e-06, 6.697591e-07, 1.1189724e-06, 7.349158e-07, 5.51371e-07, 0.4003156, 0.023403533, 0.064348534, 0.0059829634, 0.0052052694, 0.001480075, 0.00069243915, 0.00015556191, 8.096496e-05, 1.97907e-05, 9.7438315e-06, 3.3315018e-06, 1.3729433e-06, 1.0805484e-06, 6.2654476e-07, 5.8755063e-07, 0.6050378, 0.09750202, 0.016687727, 0.003692244, 0.002135245, 0.00073645165, 0.00024295105, 0.000104685336, 3.4909015e-05, 1.0204956e-05, 4.849042e-06, 2.5203362e-06, 1.1940256e-06, 8.328392e-07, 6.5613e-07, 5.668355e-07, 0.47539008, 0.1259856, 0.038719382, 0.011005431, 0.013686406, 0.0011267476, 0.0015906258, 0.0048318473, 0.0016573566, 0.00056570105, 0.00027113897, 0.000100791185, 0.00039330972, 0.00044972225, 0.345613, 0.16790216, 0.10528023, 0.07814054, 0.052112296, 0.03285422, 0.020276977, 0.0064066336, 0.0018793258, 0.0005445122, 0.0001807571, 2.1841732e-05, 1.2346859e-05, 2.656006e-06, 9.643229e-07, 8.016367e-07, 6.1212444e-07, 5.6425375e-07, 0.4019976, 0.12672472, 0.09454033, 0.071158, 0.05278912, 0.03719238, 0.023081942, 0.0069595966, 0.0024088298, 8.860808e-05, 3.4003562e-05, 9.56799e-05, 5.7031877e-05, 6.224997e-06, 1.0418193e-05, 5.8264977e-06, 1.901443e-06, 9.722316e-07, 0.30666518, 0.08869287, 0.047936503, 0.024648903, 0.0038228552, 0.0006983497, 0.000267593, 6.8652254e-05, 2.4884682e-06, 1.4300978e-06, 6.6186493e-07, 5.8414577e-07, 0.067894936, 0.10576886, 0.09717678, 0.010111563, 0.011532989, 0.0072175697, 0.0012717496, 0.0007914416, 0.00032309873, 0.00042952196, 0.000151804, 5.5827604e-05, 2.7097973e-05, 1.7586724e-05, 1.1896279e-05, 5.4110064e-06, 3.2182181e-06, 1.9548954e-06, 1.3163212e-06, 1.2998853e-06, 1.0331939e-06, 9.163351e-07, 0.16340876, 0.052457582, 0.01618341, 0.0020457718, 0.0012139323, 0.00022478384, 0.17891496, 0.055171695, 0.021511381, 0.019792411, 0.0020252776, 0.0006826216, 0.00026410146, 9.4512216e-05, 4.557753e-05, 3.4842746e-05, 0.14502324, 0.038183153, 0.019063272, 0.00679383, 0.0027919405, 0.0015032471, 0.0017324119, 0.00045488615, 0.00025927095, 5.6415487e-05, 3.436959e-05, 1.1137507e-05, 1.9036062e-05, 1.588407e-05, 1.9469028e-06, 1.1526885e-06, 0.016728763, 0.1358742, 0.763843, 0.11112841, 0.0725356, 0.0721719, 0.038596593, 0.024739766, 0.011673715, 0.020311905, 0.22730571, 0.034421943, 0.010080434, 0.003540822, 0.0021145162, 0.0010523847, 0.00057990616, 0.00066995143, 0.10720915, 0.015200984, 0.0069389152, 0.003382595, 0.0028558963, 0.001559588, 0.009023829, 0.0005881456, 0.00034561523, 0.0003595778, 4.1293708e-05, 5.8087197e-05, 0.06565759, 0.04880703, 0.04607664, 0.046888776, 0.14245798, 0.087208435, 0.08167347, 0.064225174, 0.09137195, 0.03846872, 0.07028076, 0.018100696, 0.028790768, 0.007906148, 0.005334518, 0.002131337, 0.0029346664, 0.004138731, 0.11284803, 0.022673767, 0.13013063, 0.0217838, 0.0022606733, 0.0009983536, 0.07507607, 0.07336234, 0.278797, 0.053142536, 0.018539801, 0.012769318, 0.008174251, 0.0062881433, 0.0056714076, 0.0018245161, 0.002049955, 0.006153411, 0.09960128, 0.061001405, 0.015887383, 0.027988289, 1.0333714, 0.21727645, 0.019552572, 0.017081806, 0.004645866, 0.0020500044, 0.0028483327, 0.0007122825, 0.00045690965, 0.0003575767, 1.1257648, 0.082403965, 0.046006043, 0.004380466, 0.0027953407, 0.0017469494, 0.00064769847, 0.00045118103, 0.7961889, 0.3739471, 0.24697663, 0.1413991, 0.056338567, 0.27810186, 0.01728884, 0.0014038533, 0.0012293005, 0.0012231075, 0.0023989326, 0.0052084653, 0.5908077, 0.026113708, 0.022505466, 0.040195834, 0.0037210647, 0.0002828012, 0.00026572097, 0.0013481849, 0.18577313, 0.19851434, 0.014355101, 0.0037689423, 0.0030000415, 0.0017528239, 0.12084234, 0.13602585, 0.17485915, 0.0940484, 0.079231694, 0.09629366, 0.04658016, 0.035378963, 0.038305994, 0.473542, 1.1225872, 0.1262308, 0.10763, 0.05880131, 0.23663996, 0.08042119, 0.04551712, 0.08342277, 0.03980183, 0.034515347, 0.40081853, 0.06523315, 0.021954361, 0.03506912, 0.005869228, 0.0077726683, 0.085366555, 0.13347237, 0.32526445, 0.5414942, 0.15140612, 0.106362924, 0.07990123, 0.07136719, 2.092299, 1.1125546, 0.11276362, 0.06444692, 0.041989207, 0.032168385, 0.025687406, 0.031153198, 0.011973135, 0.024757518, 0.15162821, 0.028702758, 0.00849744, 0.044138964, 0.2817415, 0.08441914, 0.017956303, 0.023868684, 0.06663296, 0.070629165, 0.14700586, 0.13733979, 0.16137622, 0.13393869, 0.08520045, 0.09876669, 0.13038729, 0.2134595, 0.10817554, 0.12578829, 0.15120552, 0.20207925, 1.24545, 0.14316708, 0.5909457, 0.20252427, 0.22478563, 0.35133722, 0.20089631, 0.33918324, 0.17368685, 0.12933156, 0.36632293, 0.6095185, 0.61773, 0.53572613, 0.33540928, 0.45293736, 0.24862146, 0.23064236, 0.21718274, 0.20215529, 0.31704095, 0.1780056, 0.1680292, 0.50760454, 0.23695062, 0.14137828, 0.1255786, 0.27949923, 0.46329132, 0.22060432, 0.16941305, 0.11936332, 0.11903567, 1.1308157, 0.26986346, 0.21822931, 0.16118415, 0.19224024, 0.1586508, 0.2827453, 0.29126972, 0.4140212, 0.51350105, 0.30455363, 0.39284536, 0.44458792, 0.6049572, 0.34049973, 0.258141, 0.27846706, 0.5825539, 1.080626, 0.5353825, 0.5453684, 0.5480525, 0.40884212, 0.9278387, 0.48236483, 0.42414758, 0.46192804, 0.64928424, 0.44796497, 0.5516208, 0.43559986, 0.82605535, 0.57851934, 0.4262796, 0.67965484, 0.74661916, 1.2203659, 1.0229702, 0.45647058, 0.5680843, 0.532044, 0.41671878, 0.59008574, 0.67999303, 0.51437235, 0.59615284, 0.42568147, 0.45544854, 0.3485713, 0.7494994, 0.46619117, 0.65786844, 0.5312057, 0.509253, 1.2933457, 0.5978971, 0.46876615, 0.53187954, 0.5250667, 0.49382666, 0.3969468, 0.7941664, 0.39022833, 0.34239307, 0.3828759, 0.75228465, 0.37251145, 0.6063286, 0.43820262, 0.3371407, 0.3983516, 0.7035466, 0.43810934, 0.41363463, 0.30681613, 0.47052166, 0.72890717, 0.4785156, 0.3798671, 0.34330532, 0.45720795, 1.4377402, 0.5498477, 0.33408993, 0.29882017, 0.48290595, 2.588734, 1.7804416, 0.7113788, 0.72570413, 0.80135804, 0.6931116, 0.48062322, 2646.1204, 2628.8054, 4380.3857, 4148.4375, 3427.3333, 2971.481, 2745.6057, 2589.1829, 4014.2898, 2590.6477, 2601.3586, 2534.6926, 2566.0562, 2475.509, 4775.385, 4546.4136], 'scaler_samples': (array([[ 5.04400000e+01,  5.04100000e+01,  5.10000000e+00,         2.51852443e-01, -7.84446268e-01,  4.58990556e+01,         3.34954290e-01,  1.40000000e-01,  3.14000000e-01],       [ 5.05783078e+01,  5.03761648e+01,  5.20812855e+00,        -1.96944994e-01, -6.72760277e-01,  4.22886764e+01,         2.97566025e-01,  1.44928177e-01,  2.66595222e-01],       [ 5.05274328e+01,  5.04929754e+01,  5.10713148e+00,        -5.22330155e-01, -5.95189394e-01,  4.71664500e+01,         3.43379202e-01,  1.10753600e-01,  2.49612299e-01],       [ 5.06112552e+01,  5.04835259e+01,  5.16140728e+00,        -1.51642203e-02, -4.25940516e-01,  4.64315189e+01,         3.48569217e-01,  1.12288115e-01,  2.38693218e-01]]), array([-250.63568696,   -0.        ,   -0.        ,   -0.        ])), 'net': {'saver_path': 'C:\\Users\\YbMinutes\\labscript-suite\\userlib\\labscriptlib\\ybclock\\analysis\\analysislib-mloop\\M-LOOP_archives\\neural_net_archive_2022-02-14_12-06_PAfBkyyS.ckpt'}}
net_2={'last_hyperfit': 0, 'last_net_reg': 1e-08, 'regularization_history': [1e-08], 'losses_list': [4.7908807, 0.18425709, 0.04443385, 0.013528171, 0.008707954, 0.0030508458, 0.0006759952, 0.00016045607, 9.26652e-05, 4.015893e-05, 1.7283724e-05, 5.722144e-06, 2.298053e-06, 1.1341895e-06, 7.2683855e-07, 6.0957365e-07, 5.688125e-07, 5.510676e-07, 5.4363466e-07, 5.410209e-07, 5.4018346e-07, 5.3984684e-07, 5.397035e-07, 5.3964595e-07, 5.396257e-07, 5.3961935e-07, 5.396173e-07, 5.396166e-07, 5.3961674e-07, 5.3961656e-07, 1.076647, 0.14114703, 0.013626243, 0.003251476, 0.0034840875, 0.00032578156, 0.00041887848, 4.3532982e-05, 4.0332332e-05, 1.4692462e-05, 2.2111892e-06, 2.834276e-06, 1.01913e-06, 5.864456e-07, 1.0758303, 0.17709681, 0.04708039, 0.011698399, 0.0024519893, 0.0016898088, 0.00034422666, 0.00020679588, 4.8717793e-05, 2.8515973e-05, 7.392186e-06, 4.042116e-06, 1.2059884e-06, 1.013727e-06, 6.343133e-07, 5.9962804e-07, 0.09320224, 0.021661714, 0.003747993, 0.00092877063, 0.00075633766, 0.00023070491, 6.6741704e-05, 1.8810608e-05, 9.991026e-06, 3.8364615e-06, 1.1998145e-06, 9.1430354e-07, 6.9580904e-07, 5.720072e-07, 5.546184e-07, 5.444176e-07, 0.5414532, 0.107876614, 0.027194848, 0.003704583, 0.0020042602, 0.00035224718, 0.00019477935, 0.00010623949, 2.0331592e-05, 6.906499e-05, 4.2070555e-05, 1.721553e-05, 6.5908866e-06, 3.3679053e-06, 7.44763e-07, 8.617915e-07, 5.9910536e-07, 5.560859e-07, 0.5070766, 0.1435631, 0.09706281, 0.033950306, 0.007396079, 0.0018512527, 0.0003946684, 4.0267816e-05, 1.2093745e-05, 6.300599e-06, 1.4912185e-06, 6.6280865e-07, 6.1221976e-07, 5.6267106e-07, 0.35248634, 0.114516094, 0.0892142, 0.0678553, 0.04721753, 0.032195274, 0.0232839, 0.008605548, 0.002007958, 0.00023439362, 9.203801e-05, 0.000110376415, 1.5077401e-05, 3.9991523e-06, 1.4931422e-06, 9.584785e-07, 6.7979124e-07, 6.4680984e-07, 5.949722e-07, 6.182513e-07, 0.66549045, 0.16123965, 0.10592449, 0.04783379, 0.011004291, 0.0046191174, 0.00049140514, 0.0008234077, 0.00063444715, 4.123667e-05, 0.0004104211, 0.0004724086, 0.06989433, 0.07997578, 0.10181361, 0.039855354, 0.007734452, 0.008159108, 0.14880857, 0.05955278, 0.04437295, 0.02392484, 0.014676287, 0.011697895, 0.005474254, 0.0036141558, 0.0024617196, 0.001974939, 0.0009979927, 0.0007431806, 0.00016904454, 5.52618e-05, 0.00014348819, 0.00044406325, 0.18283291, 0.07690104, 0.04597334, 0.021461558, 0.10524258, 0.04964077, 0.011431631, 0.0033844276, 0.00084314117, 0.0009410837, 0.00013831122, 4.9210605e-05, 2.2039854e-05, 1.0977608e-05, 5.9357253e-06, 2.5608852e-06, 1.73681e-06, 1.0121655e-06, 8.225451e-07, 1.9917538e-06, 0.036800463, 0.030250907, 0.03222697, 0.006659474, 0.01000607, 0.0019068689, 0.0017155899, 0.000960191, 0.00021232734, 0.000290837, 0.06606788, 0.016303718, 0.005239261, 0.018645693, 0.0033524502, 0.00059649744, 0.0001656458, 9.429977e-05, 6.169435e-05, 2.2396698e-05, 1.2989585e-05, 6.6842067e-06, 8.027265e-06, 9.55157e-06, 2.3722532e-06, 2.6229318e-06, 3.3356237e-06, 1.0525958e-05, 0.033631038, 0.01883871, 0.003049477, 0.0024227737, 0.002797894, 0.001579917, 6.3707004e-05, 3.386049e-05, 2.775441e-05, 3.7862203e-05, 2.871589e-05, 7.076724e-05, 0.3137949, 0.09239193, 0.01719187, 0.0035990227, 0.003602601, 0.003065705, 0.00091806403, 0.00044538078, 7.113034e-05, 6.1528546e-05, 0.06364739, 0.0590149, 0.021298643, 0.012831687, 0.3498962, 0.087610416, 0.054304812, 0.06367724, 0.015328901, 0.009998485, 0.043643013, 0.01557224, 0.002768023, 0.0019128739, 0.0015004858, 0.00064432924, 0.08101166, 0.0030526493, 0.0012635785, 0.00021091821, 0.000104427374, 5.375974e-05, 0.17130393, 0.070064805, 0.042073, 0.01099455, 0.0016239139, 0.00072821067, 0.00022312415, 0.0014859388, 0.014352095, 0.021837283, 0.25957805, 0.20765053, 0.039100286, 0.01296592, 0.006688135, 0.003494643, 0.15796746, 0.20563123, 0.02968265, 0.05903374, 0.0024749583, 0.0022196053, 0.72334194, 0.011530717, 0.0018295975, 0.00019473869, 0.00011821236, 0.00059167185, 1.1170331, 0.19274299, 0.05812421, 0.03398071, 0.041422904, 0.00869916, 0.015834218, 0.01839622, 0.0012017417, 0.007826421, 0.0006333187, 0.0004454252, 0.53363633, 0.2734112, 0.15229312, 0.016638208, 1.291019, 0.053929634, 0.20983271, 0.026906291, 0.003781173, 0.0014459363, 0.0007978886, 0.000554226, 0.00040529683, 0.00031744834, 0.0002499383, 0.00024540865, 0.11838005, 0.024012461, 0.01301688, 0.010717689, 0.122031204, 0.04633006, 1.6635368, 0.66037595, 0.24008468, 0.3729909, 0.06789978, 0.04092212, 0.038062938, 0.04417858, 0.02737194, 0.01941889, 0.011810787, 0.01881783, 0.009442364, 0.03832038, 1.2209047, 0.77344346, 0.21309927, 0.07389515, 0.012380584, 0.0030502295, 0.004572258, 0.0026788034, 0.00299062, 0.0050317296, 0.119576514, 0.036847726, 0.032612123, 0.004996568, 0.0046097157, 0.0032792925, 0.08273984, 0.21449125, 0.22941335, 0.051131412, 0.038970236, 0.13050613, 0.5411997, 0.516636, 0.060173832, 0.045580573, 0.029455723, 0.034746025, 0.017079338, 0.024040218, 0.3634072, 0.19033964, 0.031737637, 0.019295616, 0.011935283, 0.038828023, 0.23344642, 0.40263155, 0.08722634, 0.21876638, 0.046512667, 0.069430985, 0.06774104, 0.05663068, 0.07020775, 0.051070668, 0.025140844, 0.019654859, 0.24751283, 0.23628622, 0.19388892, 0.14858654, 0.3463953, 0.39934874, 0.5101029, 0.31139436, 0.12980404, 0.091305025, 0.36456668, 0.24055903, 0.2787277, 0.33822986, 0.106325485, 0.30083066, 0.2230485, 0.14729924, 0.15528055, 0.04619735, 0.40521035, 0.31394678, 1.6186286, 0.37489003, 0.56335133, 0.28794238, 0.26565394, 0.7040695, 0.400006, 0.32424715, 0.42836782, 0.24741139, 0.50834596, 0.12301037, 0.35885325, 0.20888296, 0.66383195, 0.33671162, 0.5161287, 0.33864418, 0.13387527, 0.16238739, 0.1123302, 0.13135125, 0.115132846, 0.47781128, 0.17138301, 0.13529627, 0.47219414, 0.17299494, 0.13498606, 0.18601468, 0.26110062, 0.44749063, 0.3303335, 0.19895503, 0.28374892, 0.3119512, 0.4283648, 0.43633276, 0.7114573, 0.56665903, 0.92593306, 0.42081925, 0.44737506, 0.38508284, 0.7174976, 0.6707682, 0.523386, 0.45127696, 0.61160016, 0.5294767, 0.8257287, 0.7523482, 0.46915084, 0.45743066, 0.79322773, 0.78973705, 0.5138451, 0.44431874, 0.5347148, 0.47213486, 0.6145671, 0.4783335, 0.52988505, 0.44163105, 0.65367645, 0.5540303, 0.44061863, 0.46714005, 0.89975685, 0.5311308, 0.42091033, 0.48441845, 0.6605045, 0.48999938, 1.0316945, 0.46829975, 0.8810261, 0.5386712, 0.83723164, 0.51610684, 0.40111277, 0.49941772, 0.6348415, 0.40270576, 0.34410203, 0.43894988, 0.53153235, 0.40807647, 0.40911105, 0.48279878, 0.5345711, 0.50664586, 0.6508232, 0.41394195, 0.5151519, 0.5478683, 0.6986413, 0.70857966, 1.0014267, 0.3957397, 0.56886923, 0.48417756, 0.34393144, 0.2708851, 2670.0095, 2624.5254, 4396.501, 4146.5747, 4461.984, 2876.9204, 2585.9004, 2546.4158, 2568.1765, 2516.858, 7549.746, 4613.2515, 4572.0034, 4542.309], 'scaler_samples': (array([[ 5.04400000e+01,  5.04100000e+01,  5.10000000e+00,         2.51852443e-01, -7.84446268e-01,  4.58990556e+01,         3.34954290e-01,  1.40000000e-01,  3.14000000e-01],       [ 5.05783078e+01,  5.03761648e+01,  5.20812855e+00,        -1.96944994e-01, -6.72760277e-01,  4.22886764e+01,         2.97566025e-01,  1.44928177e-01,  2.66595222e-01],       [ 5.05274328e+01,  5.04929754e+01,  5.10713148e+00,        -5.22330155e-01, -5.95189394e-01,  4.71664500e+01,         3.43379202e-01,  1.10753600e-01,  2.49612299e-01],       [ 5.06112552e+01,  5.04835259e+01,  5.16140728e+00,        -1.51642203e-02, -4.25940516e-01,  4.64315189e+01,         3.48569217e-01,  1.12288115e-01,  2.38693218e-01]]), array([-250.63568696,   -0.        ,   -0.        ,   -0.        ])), 'net': {'saver_path': 'C:\\Users\\YbMinutes\\labscript-suite\\userlib\\labscriptlib\\ybclock\\analysis\\analysislib-mloop\\M-LOOP_archives\\neural_net_archive_2022-02-14_12-06_Ol6l16Ul.ckpt'}}
