mloop_version='3.2.1'
archive_type='neural_net_learner'
num_params=6
min_boundary=array([40.  ,  0.28, 50.3 ,  5.  , -1.  , -1.5 ])
max_boundary=array([50.  ,  0.4 , 50.65,  5.3 ,  1.  ,  1.  ])
start_datetime='2022-01-24_14-40'
param_names=['LS_bicolor_mot_frequency_for_green', 'LS_blue_mot_intensity', 'green_mot_frequency', 'x_bias_field_loading', 'y_bias_field_loading', 'z_bias_field_loading']
search_precision=1e-06
parameter_searches=10
bad_uncer_frac=0.1
trust_region=array([5.   , 0.06 , 0.175, 0.15 , 1.   , 1.25 ])
has_trust_region=True
predict_global_minima_at_end=True
generation_num=3
update_hyperparameters=False
predicted_best_parameters=array([47.57931738,  0.30946042, 50.46742454,  5.10307518,  0.51533017,       -0.83183416])
predicted_best_scaled_cost=-3.1296082
predicted_best_cost=-3.129608154296875
all_params=array([[ 4.70000000e+01,  3.00000000e-01,  5.04800000e+01,         5.10000000e+00,  5.00000000e-01, -8.00000000e-01],       [ 4.34127096e+01,  2.88383078e-01,  5.06289484e+01,         5.06679019e+00,  4.76462313e-01, -6.52932315e-01],       [ 4.88643303e+01,  3.13318393e-01,  5.03565470e+01,         5.03930206e+00,  4.59345161e-01, -1.45182607e+00],       [ 4.52089260e+01,  3.16047561e-01,  5.05373279e+01,         5.04407327e+00, -3.59150655e-01, -4.47482546e-01],       [ 4.39309866e+01,  3.43551811e-01,  5.03070374e+01,         5.03750086e+00,  7.11824350e-01, -2.10042134e-01],       [ 4.52625947e+01,  3.07905314e-01,  5.05645144e+01,         5.06582980e+00, -2.66915497e-01,  2.71036479e-01],       [ 4.70036924e+01,  3.28607787e-01,  5.06138297e+01,         5.24158739e+00, -2.92719647e-01,  2.12643096e-01],       [ 4.72147903e+01,  3.50427201e-01,  5.04570095e+01,         5.20133343e+00,  8.45391736e-03, -1.35404745e+00],       [ 4.52678585e+01,  3.10614987e-01,  5.04130980e+01,         5.01208347e+00,  6.52892529e-01, -5.46658564e-01],       [ 4.99083339e+01,  2.95942529e-01,  5.03692797e+01,         5.00361352e+00,  7.62378568e-01, -7.85804609e-01],       [ 4.36512572e+01,  3.50875324e-01,  5.06439663e+01,         5.01235441e+00,  9.62178635e-01, -1.23333504e+00],       [ 4.82813682e+01,  3.56426008e-01,  5.03635254e+01,         5.22230871e+00,  8.73292972e-01, -1.28980818e+00],       [ 4.41992727e+01,  2.88664234e-01,  5.04413780e+01,         5.20406302e+00, -1.06994193e-02, -6.36388914e-01],       [ 4.20816962e+01,  3.08631953e-01,  5.06005679e+01,         5.01202976e+00,  3.43697487e-01, -1.09551587e+00],       [ 4.65006334e+01,  3.05386614e-01,  5.05642152e+01,         5.19718206e+00,  2.78318978e-01, -1.32773248e+00],       [ 4.32089840e+01,  3.55714315e-01,  5.06083170e+01,         5.02744804e+00,  9.57680214e-01, -1.19384578e+00],       [ 4.51666160e+01,  3.53529343e-01,  5.03504257e+01,         5.17360801e+00, -2.17381502e-01, -1.34036908e+00],       [ 4.31519179e+01,  3.58156564e-01,  5.06240574e+01,         5.11559417e+00,  9.44658389e-01, -3.47275873e-01],       [ 4.52827500e+01,  3.04015336e-01,  5.03078377e+01,         5.03294366e+00,  6.66957811e-01, -9.35881312e-01],       [ 4.39545333e+01,  3.54584539e-01,  5.05438917e+01,         5.21259112e+00, -4.44969325e-01, -1.11485496e+00],       [ 4.64295247e+01,  2.86315315e-01,  5.03626504e+01,         5.11515236e+00,  3.44479313e-01, -8.35555204e-01],       [ 4.28224066e+01,  3.25976668e-01,  5.05002937e+01,         5.15521314e+00,  3.58404313e-02, -4.37205917e-01],       [ 4.35073933e+01,  3.41955817e-01,  5.03425797e+01,         5.20245608e+00,  6.76117161e-02, -3.27660218e-01],       [ 4.54756190e+01,  3.30576487e-01,  5.05601992e+01,         5.19901419e+00,  3.03712233e-01,  8.07502408e-02],       [ 4.84512891e+01,  2.86424246e-01,  5.03068410e+01,         5.22051567e+00, -7.40162452e-02, -1.15993755e+00],       [ 4.53773182e+01,  3.13485922e-01,  5.05474148e+01,         5.18559023e+00,  7.39307507e-01, -8.67561316e-01],       [ 4.89756667e+01,  2.84372637e-01,  5.03759201e+01,         5.24728176e+00,  5.02338703e-01, -8.60155095e-01],       [ 4.86623330e+01,  2.87910153e-01,  5.05863279e+01,         5.18944164e+00,  8.41680538e-01, -1.19077079e+00],       [ 4.40443291e+01,  3.49707747e-01,  5.04884293e+01,         5.07387063e+00,  8.35773666e-01, -1.16066129e+00],       [ 4.48341379e+01,  2.89923015e-01,  5.05220972e+01,         5.23273806e+00, -3.37143016e-02, -1.08484228e+00],       [ 4.46159957e+01,  3.25084266e-01,  5.04340430e+01,         5.20272588e+00,  3.41635866e-01,  5.91790501e-02],       [ 4.82316293e+01,  2.86495774e-01,  5.04959126e+01,         5.14073238e+00,  3.84554036e-01, -7.13766352e-01],       [ 4.72157776e+01,  2.87092215e-01,  5.04712996e+01,         5.10420240e+00,  4.30045575e-01, -7.05450621e-01],       [ 4.84020351e+01,  2.92124158e-01,  5.04989281e+01,         5.06536291e+00,  4.20169080e-01, -7.75362556e-01],       [ 4.68687126e+01,  3.23335415e-01,  5.04275336e+01,         5.24688531e+00,  3.46997221e-02,  8.09188358e-03],       [ 4.68677213e+01,  2.99117154e-01,  5.04739381e+01,         5.11256643e+00,  5.48273580e-01, -7.72964769e-01],       [ 4.66646264e+01,  2.98077828e-01,  5.04828912e+01,         5.09804437e+00,  4.85804359e-01, -7.13042524e-01],       [ 4.67268386e+01,  2.98893608e-01,  5.04711329e+01,         5.10594550e+00,  5.94553354e-01, -7.78248807e-01],       [ 4.97425506e+01,  3.05579196e-01,  5.05491105e+01,         5.12666567e+00,  3.72669542e-02, -1.24923629e+00],       [ 4.73711816e+01,  2.89212482e-01,  5.04244791e+01,         5.12103605e+00,  6.60757425e-01, -1.09978346e+00],       [ 4.71634394e+01,  2.92318129e-01,  5.04465133e+01,         5.12033832e+00,  6.47378501e-01, -9.91709269e-01],       [ 4.73846128e+01,  2.94560401e-01,  5.04528119e+01,         5.12069244e+00,  6.58660292e-01, -8.87965616e-01],       [ 4.97114380e+01,  2.87016995e-01,  5.04597214e+01,         5.05711660e+00,  7.40064457e-02, -5.12719414e-01],       [ 4.73346848e+01,  3.03532137e-01,  5.04756668e+01,         5.10886554e+00,  5.13937360e-01, -7.98867684e-01],       [ 4.75932763e+01,  3.05125084e-01,  5.04614850e+01,         5.09889712e+00,  5.01507448e-01, -8.43031291e-01],       [ 4.71063603e+01,  3.03940848e-01,  5.04760592e+01,         5.08757453e+00,  5.23367604e-01, -8.68709806e-01],       [ 4.32290840e+01,  3.26587074e-01,  5.04885380e+01,         5.01983619e+00,  9.18479559e-01, -4.93426807e-01],       [ 4.77046553e+01,  2.94217594e-01,  5.04520466e+01,         5.11673493e+00,  5.93720182e-01, -6.62766990e-01],       [ 4.69290367e+01,  2.90973598e-01,  5.04721892e+01,         5.11500312e+00,  5.39284424e-01, -7.96567865e-01],       [ 4.71956976e+01,  2.93386942e-01,  5.04575433e+01,         5.08853532e+00,  4.54614405e-01, -7.90871883e-01],       [ 4.24446187e+01,  3.35650694e-01,  5.06180686e+01,         5.14692204e+00,  2.36814953e-01,  6.09937199e-01],       [ 4.67037746e+01,  2.90055841e-01,  5.04827486e+01,         5.10144013e+00,  4.69685006e-01, -8.42080437e-01],       [ 5.00000000e+01,  2.80000000e-01,  5.03008696e+01,         5.23853532e+00,  1.00000000e+00, -3.88707095e-01],       [ 4.67667632e+01,  2.92581275e-01,  5.04697909e+01,         5.10231386e+00,  4.21567975e-01, -8.19289305e-01],       [ 4.03415313e+01,  3.86526220e-01,  5.04359748e+01,         5.04531925e+00,  9.47865383e-01,  5.98683401e-01],       [ 4.73573505e+01,  2.94348423e-01,  5.04468080e+01,         5.08893407e+00,  4.90751019e-01, -7.73627001e-01],       [ 4.74473895e+01,  2.91030660e-01,  5.04556316e+01,         5.09856937e+00,  5.96834635e-01, -7.53571480e-01],       [ 4.74549186e+01,  2.88027177e-01,  5.04526620e+01,         5.09241297e+00,  5.78304589e-01, -7.59266472e-01],       [ 4.64652748e+01,  3.70630196e-01,  5.05546799e+01,         5.04112334e+00,  7.01723164e-01, -1.30634469e+00],       [ 4.72116168e+01,  2.87214029e-01,  5.04818317e+01,         5.09990105e+00,  6.56319461e-01, -7.86795445e-01],       [ 4.69554688e+01,  2.91860652e-01,  5.05020217e+01,         5.11747782e+00,  5.81313229e-01, -7.76701759e-01],       [ 4.74687521e+01,  2.82538364e-01,  5.04761856e+01,         5.09179773e+00,  7.14787264e-01, -7.06169258e-01],       [ 4.49068878e+01,  3.10615543e-01,  5.06344424e+01,         5.16972523e+00,  9.00797377e-01, -1.34895387e+00],       [ 4.73051501e+01,  2.94324053e-01,  5.04783430e+01,         5.09897700e+00,  5.00232046e-01, -7.86648445e-01],       [ 4.71524427e+01,  2.93737071e-01,  5.04822881e+01,         5.11324386e+00,  5.26325344e-01, -7.92909509e-01],       [ 4.72688372e+01,  2.91943823e-01,  5.04722742e+01,         5.10798478e+00,  5.27854682e-01, -7.97539649e-01],       [ 4.51048767e+01,  3.55069937e-01,  5.03967605e+01,         5.14682456e+00,  3.74352588e-02, -1.04385351e+00],       [ 4.69307855e+01,  2.90445294e-01,  5.04675381e+01,         5.14190755e+00,  5.77009481e-01, -7.55352541e-01],       [ 4.61488901e+01,  2.80000000e-01,  5.05395241e+01,         5.17343799e+00,  6.23940300e-01, -7.66381209e-01],       [ 4.69670729e+01,  2.85239482e-01,  5.04189153e+01,         5.10595262e+00,  5.11095911e-01, -7.47600822e-01],       [ 4.05914075e+01,  2.99621071e-01,  5.05358436e+01,         5.04146736e+00,  5.29748116e-01,  5.64697820e-01],       [ 4.69179660e+01,  2.97033256e-01,  5.04752460e+01,         5.09023052e+00,  4.77644454e-01, -7.55944330e-01],       [ 4.74005386e+01,  2.92967519e-01,  5.04490335e+01,         5.10796960e+00,  6.25775305e-01, -8.09176748e-01],       [ 4.68041399e+01,  2.99420928e-01,  5.05002088e+01,         5.11663348e+00,  5.89596063e-01, -8.01519917e-01],       [ 4.36930979e+01,  3.08789810e-01,  5.04913263e+01,         5.06497361e+00,  9.84410815e-01,  7.19490379e-01],       [ 4.65469079e+01,  2.99936344e-01,  5.04690288e+01,         5.11644992e+00,  3.68382465e-01, -8.15478391e-01],       [ 4.63774737e+01,  3.15237467e-01,  5.04913576e+01,         5.09826832e+00,  7.49773199e-01, -7.24053151e-01],       [ 4.65380659e+01,  3.03832367e-01,  5.04920417e+01,         5.12315943e+00,  6.06667429e-01, -7.96837017e-01],       [ 4.36036173e+01,  3.84573240e-01,  5.03676657e+01,         5.13645177e+00,  4.95103590e-01,  5.15305300e-01],       [ 4.73426943e+01,  2.94788928e-01,  5.04637081e+01,         5.08775172e+00,  5.13434180e-01, -7.85540028e-01],       [ 4.82164718e+01,  2.80000000e-01,  5.04267121e+01,         5.07187482e+00,  4.81046909e-01, -6.82328761e-01],       [ 4.54555532e+01,  2.96038125e-01,  5.05087680e+01,         5.09988584e+00,  3.21029444e-01, -5.82663697e-01],       [ 4.26717001e+01,  3.05115885e-01,  5.06130118e+01,         5.07862375e+00,  3.56041169e-01,  2.07967310e-01],       [ 4.70731733e+01,  2.92659968e-01,  5.04604156e+01,         5.09761074e+00,  5.14336735e-01, -7.92450586e-01],       [ 4.74493647e+01,  2.87355304e-01,  5.04938502e+01,         5.11977369e+00,  5.68523506e-01, -7.93297427e-01],       [ 4.74408080e+01,  2.88185026e-01,  5.04670933e+01,         5.09235839e+00,  4.69283331e-01, -7.59866953e-01],       [ 4.05029600e+01,  3.21632588e-01,  5.04174835e+01,         5.08844805e+00,  3.00446368e-02,  2.89517104e-01],       [ 4.71742748e+01,  2.92788437e-01,  5.04761664e+01,         5.11554764e+00,  6.42431559e-01, -7.62816322e-01],       [ 4.74073627e+01,  2.81272148e-01,  5.04327547e+01,         5.10023063e+00,  4.53665843e-01, -7.81554439e-01],       [ 4.72375193e+01,  2.92300820e-01,  5.04514982e+01,         5.09368192e+00,  4.82052836e-01, -7.82247303e-01],       [ 4.08542980e+01,  3.20241375e-01,  5.03958103e+01,         5.10059925e+00,  7.51818182e-01, -1.19485447e+00],       [ 4.71079459e+01,  2.95442517e-01,  5.04557837e+01,         5.09374507e+00,  3.96171948e-01, -7.74086341e-01],       [ 4.76650696e+01,  3.02809555e-01,  5.04232535e+01,         5.09502226e+00,  4.46260244e-01, -7.71283511e-01],       [ 4.74871649e+01,  2.92605887e-01,  5.04555205e+01,         5.09160618e+00,  5.92093109e-01, -7.27737648e-01],       [ 4.71118323e+01,  2.82715358e-01,  5.04245596e+01,         5.15071257e+00,  8.30950856e-01, -7.10412595e-01],       [ 4.71334885e+01,  2.93624531e-01,  5.04629670e+01,         5.08933014e+00,  4.53101636e-01, -7.87504972e-01],       [ 4.71552758e+01,  2.91245396e-01,  5.04622349e+01,         5.08846512e+00,  4.53135682e-01, -7.88184470e-01],       [ 4.70838459e+01,  2.88268761e-01,  5.04754091e+01,         5.11382568e+00,  6.23058653e-01, -8.09401248e-01],       [ 4.79829080e+01,  3.73517427e-01,  5.04786019e+01,         5.15941483e+00,  2.71531604e-01,  1.75970723e-01],       [ 4.78353378e+01,  3.18893294e-01,  5.04777327e+01,         5.15356202e+00,  4.23920121e-01, -7.49018574e-01],       [ 4.67665353e+01,  3.08127395e-01,  5.04999753e+01,         5.12342104e+00,  4.27542843e-01, -8.30130966e-01],       [ 4.73116163e+01,  2.92149435e-01,  5.04515929e+01,         5.08300250e+00,  4.97108419e-01, -7.99513720e-01],       [ 4.24497473e+01,  3.75950459e-01,  5.05479027e+01,         5.00503416e+00,  3.98544422e-01, -9.74723617e-01],       [ 4.72858077e+01,  2.95814261e-01,  5.04593515e+01,         5.09564989e+00,  4.39658930e-01, -8.16105174e-01],       [ 4.54990539e+01,  2.88355875e-01,  5.05124092e+01,         5.08025454e+00,  2.26167856e-01, -1.02604336e+00],       [ 4.67582305e+01,  3.01748432e-01,  5.04794859e+01,         5.10205038e+00,  4.38662858e-01, -7.93111016e-01],       [ 4.14228173e+01,  3.68572276e-01,  5.03489212e+01,         5.08814283e+00,  2.12076806e-01,  4.84384348e-01],       [ 4.72008146e+01,  3.00074295e-01,  5.04422597e+01,         5.08956470e+00,  4.89740796e-01, -7.54955192e-01],       [ 4.89602471e+01,  2.80000000e-01,  5.06205172e+01,         5.04289807e+00,  8.64978047e-01,  4.59128117e-01],       [ 4.70232659e+01,  2.89476404e-01,  5.05181709e+01,         5.11197596e+00,  5.51028313e-01, -7.33783244e-01],       [ 4.49479622e+01,  3.51403392e-01,  5.05148938e+01,         5.15968915e+00,  1.25184874e-01, -1.36243827e+00],       [ 4.72716838e+01,  2.93495591e-01,  5.04486462e+01,         5.08353119e+00,  4.20316760e-01, -7.85537070e-01],       [ 4.63772413e+01,  3.00686104e-01,  5.04402683e+01,         5.03434041e+00,  1.47698858e-01, -8.51536946e-01],       [ 4.72637140e+01,  2.93143243e-01,  5.04563978e+01,         5.08900040e+00,  4.57470130e-01, -7.76611458e-01],       [ 4.31647420e+01,  3.66152741e-01,  5.03947296e+01,         5.10018106e+00,  8.39844658e-01,  4.46426213e-02],       [ 5.00000000e+01,  2.80000000e-01,  5.06325433e+01,         5.00000000e+00,  5.04907430e-01, -1.08239616e+00],       [ 4.56168385e+01,  3.03432632e-01,  5.04727827e+01,         5.09689584e+00,  6.89330228e-01, -7.15576501e-01],       [ 4.92382903e+01,  2.97258654e-01,  5.05054253e+01,         5.10688072e+00,  6.74172027e-01, -1.02403623e+00],       [ 4.70475308e+01,  3.23571138e-01,  5.04444586e+01,         5.07694066e+00,  6.51042643e-01,  4.18751787e-01],       [ 4.70723912e+01,  2.93590502e-01,  5.04580181e+01,         5.08428454e+00,  4.81928255e-01, -8.27218986e-01],       [ 4.69620521e+01,  2.83514619e-01,  5.04816411e+01,         5.10900195e+00,  3.77126684e-01, -7.46465971e-01],       [ 4.70673560e+01,  2.93516019e-01,  5.04558129e+01,         5.08578286e+00,  4.40567768e-01, -8.16213060e-01],       [ 4.18704776e+01,  3.18440428e-01,  5.04562478e+01,         5.02225297e+00,  9.61359135e-01, -2.35168419e-01],       [ 5.00000000e+01,  2.80000000e-01,  5.04681233e+01,         5.19093663e+00,  1.43679797e-01, -6.61271139e-01],       [ 4.83132560e+01,  2.80156141e-01,  5.04232004e+01,         5.10797385e+00,  7.23671255e-01, -6.59646520e-01],       [ 4.67780749e+01,  2.92492431e-01,  5.04793463e+01,         5.12054761e+00,  4.72128803e-01, -7.96817194e-01],       [ 4.56624393e+01,  3.76579697e-01,  5.04847891e+01,         5.03125759e+00,  9.14964478e-01,  2.66592425e-01],       [ 4.72130942e+01,  2.93602516e-01,  5.04572931e+01,         5.09030905e+00,  4.54085349e-01, -7.89971231e-01],       [ 4.71355695e+01,  2.94651685e-01,  5.04569492e+01,         5.08442112e+00,  4.56180339e-01, -7.92527179e-01],       [ 4.71755620e+01,  2.94062783e-01,  5.04574320e+01,         5.08917621e+00,  4.58596551e-01, -7.89825593e-01],       [ 4.49830237e+01,  3.69694202e-01,  5.03747012e+01,         5.04568761e+00, -5.47623359e-02, -4.51384327e-01],       [ 4.66923533e+01,  2.95687527e-01,  5.04791102e+01,         5.09710727e+00,  4.66193620e-01, -7.24606975e-01],       [ 4.76333451e+01,  2.95354876e-01,  5.04306280e+01,         5.10269350e+00,  5.55264398e-01, -7.26087884e-01],       [ 4.74587006e+01,  2.88949713e-01,  5.04527933e+01,         5.09443456e+00,  5.83006843e-01, -7.74004011e-01],       [ 4.31257554e+01,  2.82959915e-01,  5.06398564e+01,         5.15690147e+00,  8.15273529e-02,  2.68327599e-02],       [ 4.58807838e+01,  3.31164454e-01,  5.06094977e+01,         5.00000000e+00,  2.72393897e-01, -8.19542793e-01],       [ 4.74780472e+01,  2.86664048e-01,  5.04529761e+01,         5.09568244e+00,  6.10614584e-01, -7.21604569e-01],       [ 4.69773099e+01,  2.80000000e-01,  5.04798283e+01,         5.13407585e+00,  3.29968103e-01, -5.35644609e-01],       [ 4.39011511e+01,  3.42502216e-01,  5.06451006e+01,         5.05955164e+00,  1.73560474e-01, -1.17176825e+00],       [ 4.71793870e+01,  2.91262591e-01,  5.04575663e+01,         5.08466967e+00,  4.47798725e-01, -7.97661642e-01],       [ 4.48983747e+01,  2.80000000e-01,  5.03000000e+01,         5.14977997e+00,  5.07553719e-01, -8.80046020e-01],       [ 4.81886516e+01,  2.80000000e-01,  5.03843950e+01,         5.02186602e+00, -5.45385595e-01, -1.18578376e+00],       [ 4.38831265e+01,  3.04259137e-01,  5.05539735e+01,         5.02163031e+00,  1.82812840e-01, -2.17265233e-01],       [ 4.56433755e+01,  3.12078425e-01,  5.04628878e+01,         5.08659339e+00,  7.46973429e-01, -8.24890205e-01],       [ 4.79634996e+01,  3.02609657e-01,  5.04580357e+01,         5.08309640e+00,  7.29061894e-01, -9.14076484e-01],       [ 5.00000000e+01,  3.01402090e-01,  5.06325433e+01,         5.00000000e+00, -2.91977327e-01, -4.88671867e-01],       [ 4.81106643e+01,  2.95040922e-01,  5.04062786e+01,         5.06116972e+00,  4.83567255e-01, -8.82950746e-01]])
all_costs=array([-1.32959604, -1.06117505, -0.9867429 , -1.03430166, -0.98116325,       -0.99233495, -0.95999681, -1.03213453, -1.05573011, -0.9983884 ,       -0.92506997, -0.99678583, -1.06380501, -0.97230204, -1.05308465,       -1.04867293, -1.00775194, -1.04209035, -1.06743232, -0.97001864,       -1.1773557 , -1.02103857, -1.00433514, -0.97902319, -1.01634497,       -1.02129727, -1.24298289, -1.01073433, -1.03568153, -1.07745517,       -1.00703293, -1.19373356, -1.27564689, -1.15140929, -1.03918675,       -1.30265223, -1.18671659, -1.30067002, -1.05288707, -1.04334003,       -1.08973064, -1.19348072, -1.0638529 , -1.2715082 , -1.25499881,       -1.20832331, -1.00571916, -1.15716461, -1.33574097, -1.33743007,       -1.02292549, -1.23577504, -1.01034896, -1.2629108 , -1.05283211,       -1.27295306, -1.32831451, -1.29849885, -1.02034148, -1.21520421,       -1.30339995, -1.04392837, -1.00125504, -1.02978279, -1.00344828,       -1.00407756, -1.04568255, -0.97852535, -0.95296214, -0.94069778,       -0.98104223, -0.9925502 , -0.97886806, -0.98183146, -0.99465288,       -1.03828241, -0.99103748, -1.03123521, -0.9621636 , -0.99468899,       -0.98028706, -1.02425621, -1.05824016, -0.9694195 , -0.97379753,       -1.02315025, -0.99046047, -0.94613457, -0.99404489, -1.04788529,       -1.02808416, -1.04344945, -0.97347936, -0.97322947, -1.04058722,       -1.00711507, -1.06082407, -1.0179255 , -0.97757009, -0.95874513,       -0.92196815, -1.03885011, -1.03565506, -0.99179132, -0.96755515,       -0.96874456, -0.92918493, -1.08281089, -1.00191327, -1.00072105,       -1.0188361 , -0.98796067, -1.02091395, -1.02316497, -0.96172334,       -0.99311345, -0.95464267, -0.96573264, -0.96419963, -1.0445371 ,       -1.01031753, -1.        , -0.9586633 , -1.05731106, -0.97425923,       -0.98251603, -1.04866347, -1.00682935, -1.0102424 , -0.9939847 ,       -1.00511247, -1.03024717, -1.01396282, -1.00018118, -1.01117061,       -1.01115276, -0.95614647, -1.01127574, -0.99645455, -0.9770383 ,       -1.04187348, -0.99869525, -0.93356515, -0.9859533 , -1.0288505 ,       -1.05419271, -0.9462208 ])
all_uncers=array([1.e-08, 1.e-08, 1.e-08, 1.e-08, 1.e-08, 1.e-08, 1.e-08, 1.e-08,       1.e-08, 1.e-08, 1.e-08, 1.e-08, 1.e-08, 1.e-08, 1.e-08, 1.e-08,       1.e-08, 1.e-08, 1.e-08, 1.e-08, 1.e-08, 1.e-08, 1.e-08, 1.e-08,       1.e-08, 1.e-08, 1.e-08, 1.e-08, 1.e-08, 1.e-08, 1.e-08, 1.e-08,       1.e-08, 1.e-08, 1.e-08, 1.e-08, 1.e-08, 1.e-08, 1.e-08, 1.e-08,       1.e-08, 1.e-08, 1.e-08, 1.e-08, 1.e-08, 1.e-08, 1.e-08, 1.e-08,       1.e-08, 1.e-08, 1.e-08, 1.e-08, 1.e-08, 1.e-08, 1.e-08, 1.e-08,       1.e-08, 1.e-08, 1.e-08, 1.e-08, 1.e-08, 1.e-08, 1.e-08, 1.e-08,       1.e-08, 1.e-08, 1.e-08, 1.e-08, 1.e-08, 1.e-08, 1.e-08, 1.e-08,       1.e-08, 1.e-08, 1.e-08, 1.e-08, 1.e-08, 1.e-08, 1.e-08, 1.e-08,       1.e-08, 1.e-08, 1.e-08, 1.e-08, 1.e-08, 1.e-08, 1.e-08, 1.e-08,       1.e-08, 1.e-08, 1.e-08, 1.e-08, 1.e-08, 1.e-08, 1.e-08, 1.e-08,       1.e-08, 1.e-08, 1.e-08, 1.e-08, 1.e-08, 1.e-08, 1.e-08, 1.e-08,       1.e-08, 1.e-08, 1.e-08, 1.e-08, 1.e-08, 1.e-08, 1.e-08, 1.e-08,       1.e-08, 1.e-08, 1.e-08, 1.e-08, 1.e-08, 1.e-08, 1.e-08, 1.e-08,       1.e-08, 1.e-08, 1.e-08, 1.e-08, 1.e-08, 1.e-08, 1.e-08, 1.e-08,       1.e-08, 1.e-08, 1.e-08, 1.e-08, 1.e-08, 1.e-08, 1.e-08, 1.e-08,       1.e-08, 1.e-08, 1.e-08, 1.e-08, 1.e-08, 1.e-08, 1.e-08, 1.e-08,       1.e-08, 1.e-08, 1.e-08])
bad_run_indexs=[]
best_cost=-1.3374300728937107
best_params=array([47.19569761,  0.29338694, 50.45754325,  5.08853532,  0.4546144 ,       -0.79087188])
best_index=49
worst_cost=-0.9219681466322627
worst_index=100
cost_range=0.41546192626144807
costs_count=147
params_count=90
cost_scaler_init_index=31
net_0={'last_hyperfit': 0, 'last_net_reg': 1e-08, 'regularization_history': [1e-08], 'losses_list': [0.907153, 0.12242603, 0.018945295, 0.006302251, 0.0011736521, 0.00013396039, 7.1902195e-06, 3.110548e-06, 8.529613e-07, 5.714308e-07, 5.3704184e-07, 5.3204326e-07, 5.3060637e-07, 5.302112e-07, 5.301004e-07, 5.300513e-07, 5.300298e-07, 5.3002464e-07, 5.300235e-07, 5.3002344e-07, 0.19414501, 0.05540358, 0.017638547, 0.007116022, 0.0034570599, 0.0015747946, 0.00046350932, 0.0003025203, 0.000110058, 1.4371475e-05, 2.1477319e-05, 4.5157713e-06, 0.064423814, 0.049336664, 0.0404728, 0.014821563, 0.0055880398, 0.004672432, 0.68909764, 0.1054301, 0.07013919, 0.055443767, 0.037084885, 0.023227815, 0.011051241, 0.0049015633, 0.0022760804, 0.0022235373, 0.0016615755, 0.0016969331, 0.072678156, 0.023498707, 0.015391014, 0.0128554655, 0.010336751, 0.009174416, 0.13605134, 0.1037596, 0.031319596, 0.022085957, 0.008549386, 0.015589084, 0.15771747, 0.03562273, 0.013951068, 0.011064128, 0.004075316, 0.0031740544, 0.0024330278, 0.0020717406, 0.0019059728, 0.001847547, 0.0013423973, 0.0012920168, 0.00096337235, 0.00094017276, 0.035807155, 0.016157234, 0.014681171, 0.011937696, 0.010007829, 0.008420052, 0.0072445497, 0.006269136, 0.005587907, 0.0049731946, 0.1759488, 0.030003246, 0.0107388, 0.0070442897, 0.0058940686, 0.0050698295, 0.004008116, 0.0034647149, 0.0031055643, 0.0020533039, 0.0017566985, 0.0013317753, 0.0012027451, 0.0015572705, 0.0023042683, 0.0007986157, 0.0014112903, 0.0002690321, 0.69119626, 0.5459354, 0.37938866, 0.29293045, 0.23256136, 0.08630262, 0.075585976, 0.052090343, 0.01037451, 0.0059595886, 0.006891609, 0.0043895757, 0.0009941556, 0.00083189725, 0.0006655385, 0.0006525681, 0.44469765, 0.021704616, 0.008715562, 0.0021073527, 0.0013925725, 0.00034474753, 0.00029592525, 0.00010827085, 6.711955e-05, 3.0999658e-05, 4.7297173e-05, 9.2364435e-06, 6.988245e-06, 5.2458477e-06, 4.673883e-06, 5.5174282e-06, 0.40566492, 0.16532533, 0.05687575, 0.015844975, 0.0029605625, 0.0016401288, 0.0009733562, 0.00030663135, 0.00018495823, 0.00011376697, 3.3804437e-05, 1.8438508e-05, 2.907655e-05, 1.2569728e-05, 0.24140446, 0.00818908, 0.0019963807, 0.0009961132, 0.00024899063, 7.169991e-05, 5.3871754e-05, 6.610198e-05, 0.36703902, 0.15080547, 0.044374112, 0.014933433, 0.016359573, 0.014414715, 0.002097373, 0.00059862813, 0.00014088921, 5.8090438e-05, 0.00011394858, 0.00039362535, 0.445939, 0.24178655, 0.12700339, 0.058803614, 0.042595893, 0.0059427284, 0.0012265106, 0.0003290338, 0.0001688954, 5.7830253e-05, 3.8460497e-05, 1.3110164e-05, 1.3461529e-05, 5.6545687e-06, 2.4600163e-06, 4.7560075e-06, 0.28534952, 0.012319671, 0.00049411366, 0.0038121587, 0.31909618, 0.012290976, 0.0029115286, 0.0002935972, 0.00016462193, 8.5223575e-05, 7.384469e-05, 7.2392664e-05, 4.449535e-05, 3.0245146e-06, 3.136419e-06, 3.0222004e-06, 0.31869656, 0.6030841, 0.42400172, 0.23371255, 0.1177376, 0.11378725, 0.10807108, 0.059683274, 0.04842374, 0.054176707, 0.045415197, 0.015545553, 0.026184376, 0.2326231, 0.1860347, 0.033365138, 0.037227105, 0.0040190797, 0.19739646, 0.009150278, 0.0011909312, 0.004444057, 0.4976636, 0.29699835, 0.07154711, 0.066413485, 0.037173886, 0.03194305, 0.16578475, 0.10550122, 0.22475773, 0.09759537, 0.018941559, 0.023876412, 0.009397953, 0.018053468, 0.002466963, 0.0022651623, 0.0012510287, 0.00018994692, 0.16042766, 0.022979176, 0.023667412, 0.0015862386, 0.0003205658, 1.7084887e-05, 2.094086e-06, 2.1766714e-06, 0.098302536, 0.11291454, 0.0028186636, 0.00013437112, 4.159015e-05, 4.206858e-06, 1.3022666e-06, 9.831338e-07, 8.8660886e-07, 8.7326237e-07, 0.25808698, 0.1508767, 0.10212208, 0.09327501, 0.2631909, 0.19297624, 0.10489966, 0.10583777, 0.1941456, 0.09364123, 0.0744412, 0.069255605, 0.1232036, 0.08472939, 0.07740935, 0.07089831, 0.1442656, 0.06959564, 0.35130048, 0.13074838, 0.106788404, 0.0841614], 'scaler_samples': (array([[ 4.70000000e+01,  3.00000000e-01,  5.04800000e+01,         5.10000000e+00,  5.00000000e-01, -8.00000000e-01],       [ 4.34127096e+01,  2.88383078e-01,  5.06289484e+01,         5.06679019e+00,  4.76462313e-01, -6.52932315e-01],       [ 4.88643303e+01,  3.13318393e-01,  5.03565470e+01,         5.03930206e+00,  4.59345161e-01, -1.45182607e+00],       [ 4.52089260e+01,  3.16047561e-01,  5.05373279e+01,         5.04407327e+00, -3.59150655e-01, -4.47482546e-01],       [ 4.39309866e+01,  3.43551811e-01,  5.03070374e+01,         5.03750086e+00,  7.11824350e-01, -2.10042134e-01],       [ 4.52625947e+01,  3.07905314e-01,  5.05645144e+01,         5.06582980e+00, -2.66915497e-01,  2.71036479e-01],       [ 4.70036924e+01,  3.28607787e-01,  5.06138297e+01,         5.24158739e+00, -2.92719647e-01,  2.12643096e-01],       [ 4.72147903e+01,  3.50427201e-01,  5.04570095e+01,         5.20133343e+00,  8.45391736e-03, -1.35404745e+00],       [ 4.52678585e+01,  3.10614987e-01,  5.04130980e+01,         5.01208347e+00,  6.52892529e-01, -5.46658564e-01],       [ 4.99083339e+01,  2.95942529e-01,  5.03692797e+01,         5.00361352e+00,  7.62378568e-01, -7.85804609e-01],       [ 4.36512572e+01,  3.50875324e-01,  5.06439663e+01,         5.01235441e+00,  9.62178635e-01, -1.23333504e+00],       [ 4.82813682e+01,  3.56426008e-01,  5.03635254e+01,         5.22230871e+00,  8.73292972e-01, -1.28980818e+00],       [ 4.41992727e+01,  2.88664234e-01,  5.04413780e+01,         5.20406302e+00, -1.06994193e-02, -6.36388914e-01],       [ 4.20816962e+01,  3.08631953e-01,  5.06005679e+01,         5.01202976e+00,  3.43697487e-01, -1.09551587e+00],       [ 4.65006334e+01,  3.05386614e-01,  5.05642152e+01,         5.19718206e+00,  2.78318978e-01, -1.32773248e+00],       [ 4.32089840e+01,  3.55714315e-01,  5.06083170e+01,         5.02744804e+00,  9.57680214e-01, -1.19384578e+00],       [ 4.51666160e+01,  3.53529343e-01,  5.03504257e+01,         5.17360801e+00, -2.17381502e-01, -1.34036908e+00],       [ 4.31519179e+01,  3.58156564e-01,  5.06240574e+01,         5.11559417e+00,  9.44658389e-01, -3.47275873e-01],       [ 4.52827500e+01,  3.04015336e-01,  5.03078377e+01,         5.03294366e+00,  6.66957811e-01, -9.35881312e-01],       [ 4.39545333e+01,  3.54584539e-01,  5.05438917e+01,         5.21259112e+00, -4.44969325e-01, -1.11485496e+00],       [ 4.64295247e+01,  2.86315315e-01,  5.03626504e+01,         5.11515236e+00,  3.44479313e-01, -8.35555204e-01],       [ 4.28224066e+01,  3.25976668e-01,  5.05002937e+01,         5.15521314e+00,  3.58404313e-02, -4.37205917e-01],       [ 4.35073933e+01,  3.41955817e-01,  5.03425797e+01,         5.20245608e+00,  6.76117161e-02, -3.27660218e-01],       [ 4.54756190e+01,  3.30576487e-01,  5.05601992e+01,         5.19901419e+00,  3.03712233e-01,  8.07502408e-02],       [ 4.84512891e+01,  2.86424246e-01,  5.03068410e+01,         5.22051567e+00, -7.40162452e-02, -1.15993755e+00],       [ 4.53773182e+01,  3.13485922e-01,  5.05474148e+01,         5.18559023e+00,  7.39307507e-01, -8.67561316e-01],       [ 4.89756667e+01,  2.84372637e-01,  5.03759201e+01,         5.24728176e+00,  5.02338703e-01, -8.60155095e-01],       [ 4.86623330e+01,  2.87910153e-01,  5.05863279e+01,         5.18944164e+00,  8.41680538e-01, -1.19077079e+00],       [ 4.40443291e+01,  3.49707747e-01,  5.04884293e+01,         5.07387063e+00,  8.35773666e-01, -1.16066129e+00],       [ 4.48341379e+01,  2.89923015e-01,  5.05220972e+01,         5.23273806e+00, -3.37143016e-02, -1.08484228e+00],       [ 4.46159957e+01,  3.25084266e-01,  5.04340430e+01,         5.20272588e+00,  3.41635866e-01,  5.91790501e-02]]), array([-1.32959604, -1.06117505, -0.9867429 , -1.03430166, -0.98116325,       -0.99233495, -0.95999681, -1.03213453, -1.05573011, -0.9983884 ,       -0.92506997, -0.99678583, -1.06380501, -0.97230204, -1.05308465,       -1.04867293, -1.00775194, -1.04209035, -1.06743232, -0.97001864,       -1.1773557 , -1.02103857, -1.00433514, -0.97902319, -1.01634497,       -1.02129727, -1.24298289, -1.01073433, -1.03568153, -1.07745517,       -1.00703293])), 'net': {'saver_path': 'C:\\Users\\YbMinutes\\labscript-suite\\userlib\\labscriptlib\\ybclock\\analysis\\analysislib-mloop\\M-LOOP_archives\\neural_net_archive_2022-01-24_14-40_RL9MdmWZ.ckpt'}}
net_1={'last_hyperfit': 0, 'last_net_reg': 1e-08, 'regularization_history': [1e-08], 'losses_list': [1.5080508, 0.18978696, 0.04292132, 0.0047904956, 0.00090396026, 6.9590074e-05, 1.3355144e-05, 3.2303992e-06, 9.4563404e-07, 1.3656181e-06, 5.7953076e-07, 5.4752377e-07, 5.688039e-07, 5.5257897e-07, 5.305424e-07, 5.5707443e-07, 5.5406446e-07, 6.932732e-07, 5.790201e-07, 5.9700056e-07, 0.06519347, 0.085276306, 0.023003811, 0.007735578, 0.007990422, 0.0015304235, 0.00020297695, 6.1612016e-05, 4.442738e-06, 9.476065e-06, 1.252647e-06, 1.3911796e-06, 8.4408447e-07, 7.201105e-07, 5.600627e-07, 5.3521376e-07, 0.09067775, 0.05583618, 0.039042324, 0.027248481, 0.011956993, 0.0039708745, 0.002546686, 0.0016536125, 0.0009814625, 0.0005878796, 0.0011224278, 0.0030320808, 0.6372281, 0.07640858, 0.051760286, 0.040564794, 0.034425706, 0.022149215, 0.012684742, 0.006462126, 0.003386373, 0.0035293708, 0.0011998093, 0.00086162664, 0.0006431568, 0.00057558005, 0.105931826, 0.026064685, 0.013559793, 0.008178374, 0.0069177225, 0.006593318, 0.0055069635, 0.0060899174, 0.0054830406, 0.0034878908, 0.049187046, 0.016031945, 0.010868411, 0.0033953765, 0.009791689, 0.008096953, 0.19068098, 0.06376265, 0.017342182, 0.011383523, 0.008429495, 0.005149197, 0.0034535145, 0.00273611, 0.025900068, 0.0133040985, 0.0101023, 0.013062115, 0.008373136, 0.0074566994, 0.15634201, 0.0412777, 0.012135605, 0.0114034135, 0.0076009133, 0.007775889, 0.638957, 0.66770285, 0.53778964, 0.44004187, 0.50718725, 0.30208808, 0.22057225, 0.17790954, 0.059325937, 0.03588277, 0.026867906, 0.3712388, 0.8245515, 0.10753098, 0.042796183, 0.02899221, 0.017299647, 0.017876325, 0.011925929, 0.011238885, 0.47026, 0.32249483, 0.18124728, 0.0719235, 0.029596193, 0.006775164, 0.016648576, 0.0013814118, 0.0029114136, 0.0029130245, 0.68707985, 0.031217784, 0.0020796892, 0.01792011, 0.5669779, 0.22366731, 0.6292366, 0.266201, 0.12760437, 0.07302774, 0.021217499, 0.013699704, 0.0046569835, 0.0027966567, 0.40882593, 0.07085369, 0.049838934, 0.046026576, 0.01691749, 0.019503113, 0.0044368543, 0.002061696, 0.0004946456, 0.006400653, 0.5202193, 0.095088795, 0.017364353, 0.0006893249, 0.00043425238, 0.000117985684, 1.3613795e-05, 8.083865e-06, 0.23993242, 0.87348723, 0.62427396, 0.2189503, 0.12049955, 0.104132354, 0.07721653, 0.06970032, 0.26941717, 0.06020285, 0.047476873, 0.026086217, 0.014254976, 0.0781959, 0.1507732, 0.020202586, 0.0115613695, 0.0063894847, 0.0030670199, 0.0018750257, 0.24405967, 0.07383418, 0.058899265, 0.78307104, 0.38759696, 0.15473372, 0.11075388, 0.07349889, 0.04767022, 0.040445305, 0.21370341, 0.033700604, 0.026609058, 0.00849147, 0.33010063, 0.08600374, 0.00992585, 0.003122456, 0.0016945758, 0.0021017971, 0.58170867, 0.23962604, 0.15212892, 0.124174885, 0.11367853, 0.10982173, 0.25997198, 0.14375047, 0.15614662, 0.10236315, 0.10242888, 0.1646869, 0.20497203, 0.10077426, 0.093027495, 0.0958307, 0.10878354, 0.07933293, 0.09841514, 0.08468304, 0.075469285, 0.1180123, 0.12008141, 0.07961181, 0.17254001, 0.23955272], 'scaler_samples': (array([[ 4.70000000e+01,  3.00000000e-01,  5.04800000e+01,         5.10000000e+00,  5.00000000e-01, -8.00000000e-01],       [ 4.34127096e+01,  2.88383078e-01,  5.06289484e+01,         5.06679019e+00,  4.76462313e-01, -6.52932315e-01],       [ 4.88643303e+01,  3.13318393e-01,  5.03565470e+01,         5.03930206e+00,  4.59345161e-01, -1.45182607e+00],       [ 4.52089260e+01,  3.16047561e-01,  5.05373279e+01,         5.04407327e+00, -3.59150655e-01, -4.47482546e-01],       [ 4.39309866e+01,  3.43551811e-01,  5.03070374e+01,         5.03750086e+00,  7.11824350e-01, -2.10042134e-01],       [ 4.52625947e+01,  3.07905314e-01,  5.05645144e+01,         5.06582980e+00, -2.66915497e-01,  2.71036479e-01],       [ 4.70036924e+01,  3.28607787e-01,  5.06138297e+01,         5.24158739e+00, -2.92719647e-01,  2.12643096e-01],       [ 4.72147903e+01,  3.50427201e-01,  5.04570095e+01,         5.20133343e+00,  8.45391736e-03, -1.35404745e+00],       [ 4.52678585e+01,  3.10614987e-01,  5.04130980e+01,         5.01208347e+00,  6.52892529e-01, -5.46658564e-01],       [ 4.99083339e+01,  2.95942529e-01,  5.03692797e+01,         5.00361352e+00,  7.62378568e-01, -7.85804609e-01],       [ 4.36512572e+01,  3.50875324e-01,  5.06439663e+01,         5.01235441e+00,  9.62178635e-01, -1.23333504e+00],       [ 4.82813682e+01,  3.56426008e-01,  5.03635254e+01,         5.22230871e+00,  8.73292972e-01, -1.28980818e+00],       [ 4.41992727e+01,  2.88664234e-01,  5.04413780e+01,         5.20406302e+00, -1.06994193e-02, -6.36388914e-01],       [ 4.20816962e+01,  3.08631953e-01,  5.06005679e+01,         5.01202976e+00,  3.43697487e-01, -1.09551587e+00],       [ 4.65006334e+01,  3.05386614e-01,  5.05642152e+01,         5.19718206e+00,  2.78318978e-01, -1.32773248e+00],       [ 4.32089840e+01,  3.55714315e-01,  5.06083170e+01,         5.02744804e+00,  9.57680214e-01, -1.19384578e+00],       [ 4.51666160e+01,  3.53529343e-01,  5.03504257e+01,         5.17360801e+00, -2.17381502e-01, -1.34036908e+00],       [ 4.31519179e+01,  3.58156564e-01,  5.06240574e+01,         5.11559417e+00,  9.44658389e-01, -3.47275873e-01],       [ 4.52827500e+01,  3.04015336e-01,  5.03078377e+01,         5.03294366e+00,  6.66957811e-01, -9.35881312e-01],       [ 4.39545333e+01,  3.54584539e-01,  5.05438917e+01,         5.21259112e+00, -4.44969325e-01, -1.11485496e+00],       [ 4.64295247e+01,  2.86315315e-01,  5.03626504e+01,         5.11515236e+00,  3.44479313e-01, -8.35555204e-01],       [ 4.28224066e+01,  3.25976668e-01,  5.05002937e+01,         5.15521314e+00,  3.58404313e-02, -4.37205917e-01],       [ 4.35073933e+01,  3.41955817e-01,  5.03425797e+01,         5.20245608e+00,  6.76117161e-02, -3.27660218e-01],       [ 4.54756190e+01,  3.30576487e-01,  5.05601992e+01,         5.19901419e+00,  3.03712233e-01,  8.07502408e-02],       [ 4.84512891e+01,  2.86424246e-01,  5.03068410e+01,         5.22051567e+00, -7.40162452e-02, -1.15993755e+00],       [ 4.53773182e+01,  3.13485922e-01,  5.05474148e+01,         5.18559023e+00,  7.39307507e-01, -8.67561316e-01],       [ 4.89756667e+01,  2.84372637e-01,  5.03759201e+01,         5.24728176e+00,  5.02338703e-01, -8.60155095e-01],       [ 4.86623330e+01,  2.87910153e-01,  5.05863279e+01,         5.18944164e+00,  8.41680538e-01, -1.19077079e+00],       [ 4.40443291e+01,  3.49707747e-01,  5.04884293e+01,         5.07387063e+00,  8.35773666e-01, -1.16066129e+00],       [ 4.48341379e+01,  2.89923015e-01,  5.05220972e+01,         5.23273806e+00, -3.37143016e-02, -1.08484228e+00],       [ 4.46159957e+01,  3.25084266e-01,  5.04340430e+01,         5.20272588e+00,  3.41635866e-01,  5.91790501e-02]]), array([-1.32959604, -1.06117505, -0.9867429 , -1.03430166, -0.98116325,       -0.99233495, -0.95999681, -1.03213453, -1.05573011, -0.9983884 ,       -0.92506997, -0.99678583, -1.06380501, -0.97230204, -1.05308465,       -1.04867293, -1.00775194, -1.04209035, -1.06743232, -0.97001864,       -1.1773557 , -1.02103857, -1.00433514, -0.97902319, -1.01634497,       -1.02129727, -1.24298289, -1.01073433, -1.03568153, -1.07745517,       -1.00703293])), 'net': {'saver_path': 'C:\\Users\\YbMinutes\\labscript-suite\\userlib\\labscriptlib\\ybclock\\analysis\\analysislib-mloop\\M-LOOP_archives\\neural_net_archive_2022-01-24_14-40_-yzo2w2A.ckpt'}}
net_2={'last_hyperfit': 0, 'last_net_reg': 1e-08, 'regularization_history': [1e-08], 'losses_list': [1.2784878, 0.19481434, 0.031481627, 0.010775189, 0.0033350796, 0.0011660359, 0.00031402233, 0.00017257348, 0.00014983526, 0.000107261076, 1.9876532e-05, 1.7007493e-05, 6.651468e-05, 7.603891e-05, 0.00060616556, 0.007916523, 0.0035681452, 0.0014350303, 0.00046400275, 6.917411e-05, 1.970608e-05, 1.4547479e-05, 3.92815e-06, 2.046795e-06, 9.068982e-07, 6.1627236e-07, 5.897909e-07, 5.576062e-07, 5.579828e-07, 5.5211405e-07, 5.460326e-07, 5.468554e-07, 5.414801e-07, 5.5803406e-07, 5.4752456e-07, 6.2924533e-07, 5.890305e-07, 7.0780027e-07, 5.6564465e-07, 6.290451e-07, 0.47735727, 0.30360314, 0.052402854, 0.004579152, 0.07941062, 0.047902994, 0.046409506, 0.03991046, 0.40296063, 0.07478977, 0.042905886, 0.030434642, 0.01810123, 0.009277546, 0.003745017, 0.0027942457, 0.0017732612, 0.0015306099, 0.00095960405, 0.0007014726, 0.00047743082, 0.00031102312, 0.00024472075, 0.00016016031, 0.00011667734, 7.26038e-05, 4.9779057e-05, 3.8111175e-05, 2.4838107e-05, 6.2698404e-05, 0.06732414, 0.022892058, 0.012445875, 0.009279253, 0.0072254324, 0.006700018, 0.00584173, 0.0043599657, 0.00356177, 0.0029357802, 0.0020944125, 0.0017101633, 0.0011121688, 0.00079852546, 0.0004600061, 0.0004511467, 0.030845882, 0.0509369, 0.023021702, 0.0024238569, 0.0017356022, 0.0037729968, 0.06739409, 0.021370875, 0.006571372, 0.0037085242, 0.0033152092, 0.0040147603, 0.02274022, 0.009546509, 0.008281799, 0.007246051, 0.0041205864, 0.0033238383, 0.0028448848, 0.002182035, 0.0025716515, 0.0024591868, 0.0009226833, 0.0006426438, 0.23143446, 0.031355187, 0.014764504, 0.003505603, 0.0017947031, 0.0023220796, 0.0011353809, 0.0011770085, 0.00087972905, 0.00066957163, 0.00017909422, 0.00011250122, 4.8119447e-05, 2.9951898e-05, 1.3910792e-05, 1.8695462e-05, 9.104044e-06, 6.8323384e-06, 0.8249465, 0.52406484, 0.48792335, 0.40973097, 0.9948234, 0.38518485, 0.10667712, 0.06471509, 0.020731932, 0.0078031425, 0.004105136, 0.001984196, 0.0017210129, 0.0007014166, 0.00018949599, 9.122874e-05, 4.051858e-05, 3.4873134e-05, 1.1873574e-05, 2.7463455e-05, 1.4444123e-05, 6.1158855e-05, 0.33876988, 0.17936257, 0.06261654, 0.019587228, 0.009414013, 0.0057362616, 0.002243398, 0.0007047353, 0.0016919242, 0.00077028543, 5.756037e-05, 0.000100899124, 2.5639149e-05, 2.9618182e-06, 1.444782e-05, 5.7540656e-05, 0.3016378, 0.010652683, 0.0029343583, 0.004145395, 0.1624556, 0.1261373, 0.14008126, 0.031880613, 0.046329573, 0.011762409, 0.016060317, 0.0027225327, 0.004099631, 0.0014382193, 0.00050732703, 0.00050659425, 0.00020923912, 6.917578e-05, 0.00014094955, 2.9781553e-05, 0.38262215, 0.16384564, 0.08831577, 0.017383521, 0.0036657208, 0.0001596514, 0.00034913156, 0.00016429587, 7.139889e-05, 3.6987014e-05, 0.33454096, 0.1048235, 0.03918664, 0.01307865, 0.003557414, 0.03636965, 0.2800831, 0.079441234, 0.021437464, 0.0028720596, 0.0048999125, 0.0013123554, 4.2214924e-05, 3.2969438e-06, 2.4186654e-06, 1.5731493e-06, 7.4699136e-07, 7.361525e-07, 0.5017858, 0.20663449, 0.083315134, 0.030315174, 0.035785463, 0.0047640637, 0.0032674153, 0.00012275207, 1.9999063e-05, 3.47238e-05, 1.4650445e-06, 8.2917273e-07, 7.732697e-07, 7.735732e-07, 0.26602384, 0.1804114, 0.079556175, 0.012933288, 0.0027822927, 0.00084722036, 0.00014340885, 0.00019373337, 3.945671e-05, 2.889465e-06, 1.6744028e-06, 1.8169801e-06, 0.18047357, 0.019222196, 0.0011238902, 7.2617615e-05, 7.700398e-06, 1.3447933e-06, 1.3575163e-06, 8.972609e-07, 0.22136241, 0.06257034, 0.022894615, 0.00070922135, 5.6193483e-05, 5.513478e-06, 1.4833588e-06, 8.557546e-07, 8.13838e-07, 8.0488775e-07, 0.13440953, 0.12831427, 0.07467235, 0.041857794, 0.018156737, 0.181084, 0.24400333, 0.047207553, 0.022986028, 0.008466826, 0.0028407434, 0.019967046, 0.001071415, 0.00023335764, 4.0573785e-05, 9.047138e-06, 2.0173945e-06, 1.2255971e-06, 8.6806665e-07, 8.5439785e-07, 0.16419643, 0.062499557, 0.0034588338, 0.000300899, 2.6256428e-05, 1.9942206e-06, 3.1521074e-06, 1.4921648e-06, 9.236581e-07, 8.6831284e-07, 0.16009822, 0.042845566, 0.002319518, 0.00021779185, 2.3296729e-05, 5.7620377e-06, 6.5175077e-06, 5.819037e-06, 0.108803324, 0.23030776, 0.096521206, 0.06852603, 0.21064597, 0.15286504, 0.09400838, 0.10681338, 0.07833795, 0.07783527, 0.14522739, 0.0773317, 0.10616447, 0.07151989, 0.13396722, 0.062580995, 0.05923147, 0.10056228, 0.06642146, 0.09437211], 'scaler_samples': (array([[ 4.70000000e+01,  3.00000000e-01,  5.04800000e+01,         5.10000000e+00,  5.00000000e-01, -8.00000000e-01],       [ 4.34127096e+01,  2.88383078e-01,  5.06289484e+01,         5.06679019e+00,  4.76462313e-01, -6.52932315e-01],       [ 4.88643303e+01,  3.13318393e-01,  5.03565470e+01,         5.03930206e+00,  4.59345161e-01, -1.45182607e+00],       [ 4.52089260e+01,  3.16047561e-01,  5.05373279e+01,         5.04407327e+00, -3.59150655e-01, -4.47482546e-01],       [ 4.39309866e+01,  3.43551811e-01,  5.03070374e+01,         5.03750086e+00,  7.11824350e-01, -2.10042134e-01],       [ 4.52625947e+01,  3.07905314e-01,  5.05645144e+01,         5.06582980e+00, -2.66915497e-01,  2.71036479e-01],       [ 4.70036924e+01,  3.28607787e-01,  5.06138297e+01,         5.24158739e+00, -2.92719647e-01,  2.12643096e-01],       [ 4.72147903e+01,  3.50427201e-01,  5.04570095e+01,         5.20133343e+00,  8.45391736e-03, -1.35404745e+00],       [ 4.52678585e+01,  3.10614987e-01,  5.04130980e+01,         5.01208347e+00,  6.52892529e-01, -5.46658564e-01],       [ 4.99083339e+01,  2.95942529e-01,  5.03692797e+01,         5.00361352e+00,  7.62378568e-01, -7.85804609e-01],       [ 4.36512572e+01,  3.50875324e-01,  5.06439663e+01,         5.01235441e+00,  9.62178635e-01, -1.23333504e+00],       [ 4.82813682e+01,  3.56426008e-01,  5.03635254e+01,         5.22230871e+00,  8.73292972e-01, -1.28980818e+00],       [ 4.41992727e+01,  2.88664234e-01,  5.04413780e+01,         5.20406302e+00, -1.06994193e-02, -6.36388914e-01],       [ 4.20816962e+01,  3.08631953e-01,  5.06005679e+01,         5.01202976e+00,  3.43697487e-01, -1.09551587e+00],       [ 4.65006334e+01,  3.05386614e-01,  5.05642152e+01,         5.19718206e+00,  2.78318978e-01, -1.32773248e+00],       [ 4.32089840e+01,  3.55714315e-01,  5.06083170e+01,         5.02744804e+00,  9.57680214e-01, -1.19384578e+00],       [ 4.51666160e+01,  3.53529343e-01,  5.03504257e+01,         5.17360801e+00, -2.17381502e-01, -1.34036908e+00],       [ 4.31519179e+01,  3.58156564e-01,  5.06240574e+01,         5.11559417e+00,  9.44658389e-01, -3.47275873e-01],       [ 4.52827500e+01,  3.04015336e-01,  5.03078377e+01,         5.03294366e+00,  6.66957811e-01, -9.35881312e-01],       [ 4.39545333e+01,  3.54584539e-01,  5.05438917e+01,         5.21259112e+00, -4.44969325e-01, -1.11485496e+00],       [ 4.64295247e+01,  2.86315315e-01,  5.03626504e+01,         5.11515236e+00,  3.44479313e-01, -8.35555204e-01],       [ 4.28224066e+01,  3.25976668e-01,  5.05002937e+01,         5.15521314e+00,  3.58404313e-02, -4.37205917e-01],       [ 4.35073933e+01,  3.41955817e-01,  5.03425797e+01,         5.20245608e+00,  6.76117161e-02, -3.27660218e-01],       [ 4.54756190e+01,  3.30576487e-01,  5.05601992e+01,         5.19901419e+00,  3.03712233e-01,  8.07502408e-02],       [ 4.84512891e+01,  2.86424246e-01,  5.03068410e+01,         5.22051567e+00, -7.40162452e-02, -1.15993755e+00],       [ 4.53773182e+01,  3.13485922e-01,  5.05474148e+01,         5.18559023e+00,  7.39307507e-01, -8.67561316e-01],       [ 4.89756667e+01,  2.84372637e-01,  5.03759201e+01,         5.24728176e+00,  5.02338703e-01, -8.60155095e-01],       [ 4.86623330e+01,  2.87910153e-01,  5.05863279e+01,         5.18944164e+00,  8.41680538e-01, -1.19077079e+00],       [ 4.40443291e+01,  3.49707747e-01,  5.04884293e+01,         5.07387063e+00,  8.35773666e-01, -1.16066129e+00],       [ 4.48341379e+01,  2.89923015e-01,  5.05220972e+01,         5.23273806e+00, -3.37143016e-02, -1.08484228e+00],       [ 4.46159957e+01,  3.25084266e-01,  5.04340430e+01,         5.20272588e+00,  3.41635866e-01,  5.91790501e-02]]), array([-1.32959604, -1.06117505, -0.9867429 , -1.03430166, -0.98116325,       -0.99233495, -0.95999681, -1.03213453, -1.05573011, -0.9983884 ,       -0.92506997, -0.99678583, -1.06380501, -0.97230204, -1.05308465,       -1.04867293, -1.00775194, -1.04209035, -1.06743232, -0.97001864,       -1.1773557 , -1.02103857, -1.00433514, -0.97902319, -1.01634497,       -1.02129727, -1.24298289, -1.01073433, -1.03568153, -1.07745517,       -1.00703293])), 'net': {'saver_path': 'C:\\Users\\YbMinutes\\labscript-suite\\userlib\\labscriptlib\\ybclock\\analysis\\analysislib-mloop\\M-LOOP_archives\\neural_net_archive_2022-01-24_14-40_GIINfqus.ckpt'}}
