mloop_version='3.2.1'
archive_type='neural_net_learner'
num_params=8
min_boundary=array([50.3 , 50.1 , -1.  , -1.5 , 42.  ,  0.28,  0.09,  0.  ])
max_boundary=array([50.65 , 50.65 ,  1.   ,  1.   , 50.   ,  0.38 ,  0.15 ,  0.314])
start_datetime='2022-02-02_18-06'
param_names=['green_mot_frequency', 'lattice_loading_frequency', 'y_bias_field_loading', 'z_bias_field_loading', 'LS_bicolor_mot_frequency_for_green', 'LS_blue_mot_intensity', 'LS_green_mot_loading_intensity', 'LS_green_mot_intensity']
search_precision=1e-06
parameter_searches=10
bad_uncer_frac=0.1
trust_region=array([0.175, 0.275, 1.   , 1.25 , 4.   , 0.05 , 0.03 , 0.157])
has_trust_region=True
predict_global_minima_at_end=True
generation_num=3
update_hyperparameters=False
predicted_best_parameters=array([50.32958558, 50.384699  , -1.        , -0.16477539, 43.53423667,        0.38      ,  0.13002221,  0.24590989])
predicted_best_scaled_cost=-3.821491
predicted_best_cost=-3.821491003036499
all_params=array([[ 5.04000000e+01,  5.02200000e+01, -1.20000000e-01,         1.60000000e-01,  4.70000000e+01,  3.00000000e-01,         1.20000000e-01,  3.00000000e-01],       [ 5.03535429e+01,  5.01121885e+01, -8.48550892e-01,         6.08338524e-02,  4.82610976e+01,  3.13585605e-01,         1.00436059e-01,  2.31896108e-01],       [ 5.03863542e+01,  5.03468740e+01, -5.38980841e-01,        -4.76216039e-01,  4.30578274e+01,  3.29251175e-01,         9.60441680e-02,  2.96084986e-01],       [ 5.05093256e+01,  5.02458995e+01, -3.58225055e-01,         3.80875277e-01,  4.84604169e+01,  2.92310902e-01,         1.14524011e-01,  2.85198712e-01],       [ 5.04753570e+01,  5.01197077e+01, -9.49132541e-01,         5.92944328e-02,  4.98542191e+01,  3.08752349e-01,         1.49024614e-01,  3.10039692e-01],       [ 5.04026757e+01,  5.04270993e+01, -1.59449529e-02,        -6.39539043e-02,  4.78089998e+01,  2.98665811e-01,         1.19439378e-01,  2.93435474e-01],       [ 5.03982517e+01,  5.04313939e+01, -1.09250896e-01,        -7.77293297e-01,  4.75846994e+01,  3.41861880e-01,         9.34994704e-02,  2.16983221e-01],       [ 5.03359563e+01,  5.01966892e+01,  6.13339350e-01,        -1.08925531e+00,  4.77344059e+01,  3.28728871e-01,         1.04718217e-01,  2.24183742e-01],       [ 5.04318104e+01,  5.04787807e+01,  5.46062184e-01,        -2.30533610e-02,  4.96703649e+01,  3.07801246e-01,         1.48545953e-01,  2.69809122e-01],       [ 5.03350643e+01,  5.02300853e+01, -6.93145888e-01,        -1.13533462e-01,  4.32567671e+01,  3.13893181e-01,         1.03440141e-01,  2.87235620e-01],       [ 5.04815622e+01,  5.04896248e+01,  2.74522928e-01,        -1.16680737e+00,  4.46616520e+01,  3.02925477e-01,         1.19830147e-01,  2.06709196e-01],       [ 5.04159187e+01,  5.03067319e+01,  4.85278639e-02,         6.63649823e-01,  4.67156302e+01,  2.85158836e-01,         9.68820665e-02,  2.99167794e-01],       [ 5.05091350e+01,  5.04895874e+01, -7.04039906e-01,         9.65366450e-01,  4.42495652e+01,  2.93918622e-01,         1.19702950e-01,  1.58309406e-01],       [ 5.03369962e+01,  5.03723507e+01, -5.62574929e-01,        -1.63060790e-01,  4.40641970e+01,  3.63577729e-01,         1.26592756e-01,  2.73038503e-01],       [ 5.04045974e+01,  5.04571363e+01,  4.59629081e-02,         3.95783634e-01,  4.58883819e+01,  3.61396705e-01,         1.22118230e-01,  2.46581996e-01],       [ 5.03459200e+01,  5.01913963e+01, -7.92626145e-02,         1.05519932e-01,  4.38350888e+01,  3.32553745e-01,         1.42310520e-01,  1.77315107e-01],       [ 5.03786260e+01,  5.02643116e+01,  3.16098272e-02,         8.81070020e-01,  4.64429213e+01,  3.24296712e-01,         1.14192448e-01,  2.78148465e-01],       [ 5.04602421e+01,  5.03677480e+01, -8.62385631e-01,        -3.29948994e-01,  4.22259532e+01,  3.66308445e-01,         1.09770795e-01,  2.59484031e-01],       [ 5.03376910e+01,  5.04452514e+01,  4.07216269e-01,        -1.31948521e+00,  4.40737073e+01,  3.72144945e-01,         1.44759097e-01,  3.07909773e-01],       [ 5.04562193e+01,  5.02956756e+01,  1.78850113e-01,        -2.11349396e-01,  4.58221887e+01,  3.54445630e-01,         1.45783645e-01,  1.24777702e-01],       [ 5.03149761e+01,  5.04876441e+01, -3.72709966e-01,        -1.39831652e+00,  4.33201788e+01,  3.49187822e-01,         1.30492425e-01,  1.62377473e-01],       [ 5.04242592e+01,  5.06069273e+01, -5.71367625e-01,         2.93284060e-01,  4.74327222e+01,  3.51267359e-01,         1.28563509e-01,  1.55174781e-01],       [ 5.04955899e+01,  5.05620318e+01, -8.27971350e-01,        -3.02760690e-01,  4.60644132e+01,  3.39748294e-01,         1.08058608e-01,  1.63155664e-01],       [ 5.04682600e+01,  5.02219854e+01, -5.19897904e-01,         7.27497868e-01,  4.35874956e+01,  3.61899403e-01,         9.68719005e-02,  2.85926006e-01],       [ 5.03378488e+01,  5.04577987e+01,  4.18308868e-01,        -3.26155511e-01,  4.30916069e+01,  3.23904504e-01,         1.11649001e-01,  1.41307877e-01],       [ 5.04732211e+01,  5.03293897e+01, -4.27610695e-01,         8.77223593e-01,  4.68201559e+01,  3.77209310e-01,         1.34793483e-01,  2.18260310e-01],       [ 5.03367701e+01,  5.06001044e+01,  1.27764816e-01,         1.98341664e-02,  4.78025551e+01,  3.75396852e-01,         1.40844237e-01,  2.62966533e-01],       [ 5.03505916e+01,  5.03793394e+01, -5.09416746e-01,        -3.31166442e-01,  4.64735535e+01,  3.44987191e-01,         1.46303272e-01,  2.42847130e-01],       [ 5.04520582e+01,  5.04649999e+01,  3.38886970e-01,        -1.27710328e+00,  4.33265629e+01,  3.67826582e-01,         1.02870635e-01,  1.44058796e-01],       [ 5.04402263e+01,  5.01439265e+01, -2.65545987e-01,        -6.26514736e-01,  4.55331234e+01,  3.21958358e-01,         1.48699701e-01,  1.26672844e-01],       [ 5.04166965e+01,  5.02543886e+01, -3.07049793e-01,        -1.30637447e+00,  4.65386626e+01,  3.71161530e-01,         1.11041831e-01,  1.78873059e-01],       [ 5.03593195e+01,  5.05676796e+01, -6.76908035e-02,         5.10166069e-01,  4.25389057e+01,  3.43281315e-01,         1.27692807e-01,  1.26965181e-01],       [ 5.03048333e+01,  5.01642858e+01,  1.68035331e-01,        -9.20470336e-01,  4.76145205e+01,  3.62790752e-01,         1.00784712e-01,  2.43497628e-01],       [ 5.04500112e+01,  5.04807542e+01, -9.84725124e-01,         8.08723066e-01,  4.71044155e+01,  3.17986047e-01,         1.05083742e-01,  2.27839747e-01],       [ 5.04407088e+01,  5.02864638e+01, -2.63589790e-02,         1.68910137e-01,  4.52027175e+01,  3.69806108e-01,         1.46224689e-01,  1.61102103e-01],       [ 5.04804332e+01,  5.04778918e+01, -1.81963510e-01,        -1.54402599e-01,  4.64387891e+01,  3.26156129e-01,         1.16983977e-01,  1.81694154e-01],       [ 5.03000000e+01,  5.03761166e+01, -8.41886801e-01,         6.86063142e-01,  4.20000000e+01,  3.73574470e-01,         1.29347188e-01,  3.14000000e-01],       [ 5.03000000e+01,  5.01953764e+01, -8.82780366e-01,         1.10555200e-01,  4.20000000e+01,  3.80000000e-01,         1.44109481e-01,  3.14000000e-01],       [ 5.03000000e+01,  5.03194872e+01, -1.00000000e+00,         2.37534428e-01,  4.20000000e+01,  3.80000000e-01,         1.18881421e-01,  3.14000000e-01],       [ 5.04304181e+01,  5.04417843e+01,  4.06920010e-01,        -6.31778796e-01,  4.67745301e+01,  3.16941088e-01,         1.11646125e-01,  2.39680698e-01],       [ 5.03000000e+01,  5.03972100e+01, -7.51747159e-01,        -7.48532651e-01,  4.46989933e+01,  3.68602539e-01,         1.30082644e-01,  2.61430398e-01],       [ 5.03000000e+01,  5.04362443e+01, -5.59815427e-01,        -9.00688933e-02,  4.39528041e+01,  3.80000000e-01,         1.34297121e-01,  3.02982224e-01],       [ 5.03040031e+01,  5.04594351e+01, -3.96971007e-01,        -4.37151222e-01,  4.41061555e+01,  3.70318668e-01,         1.23864588e-01,  2.99383168e-01],       [ 5.04410905e+01,  5.04113530e+01,  4.27881599e-02,         3.01730396e-01,  4.28266594e+01,  3.39762052e-01,         1.37960718e-01,  3.07493654e-01],       [ 5.03451703e+01,  5.03630525e+01, -5.45320497e-01,        -5.34587662e-02,  4.37895024e+01,  3.59116764e-01,         1.27093119e-01,  2.63869539e-01],       [ 5.03407770e+01,  5.03328716e+01, -5.84055370e-01,        -8.82078699e-02,  4.45808307e+01,  3.67529793e-01,         1.22040711e-01,  2.64881686e-01],       [ 5.03448494e+01,  5.03513492e+01, -5.77915740e-01,        -3.45899243e-02,  4.37125033e+01,  3.61423360e-01,         1.23644655e-01,  2.70216521e-01],       [ 5.03759887e+01,  5.03193277e+01,  4.16947951e-01,        -1.75622020e-01,  4.30209980e+01,  3.41294356e-01,         1.13950424e-01,  1.48766071e-01],       [ 5.03316972e+01,  5.03931494e+01, -5.78627528e-01,        -2.51145142e-01,  4.39526332e+01,  3.61971184e-01,         1.24635258e-01,  2.70891777e-01],       [ 5.03387225e+01,  5.03660460e+01, -5.55237888e-01,        -2.63186593e-01,  4.39740600e+01,  3.63173427e-01,         1.27862220e-01,  2.79807831e-01],       [ 5.03278660e+01,  5.03880348e+01, -4.82331687e-01,        -1.73508387e-01,  4.39485700e+01,  3.60357243e-01,         1.27041001e-01,  2.77813684e-01],       [ 5.03938300e+01,  5.02551952e+01, -9.61872061e-01,        -1.15766804e+00,  4.79645123e+01,  3.55005436e-01,         1.35010346e-01,  2.81857952e-01]])
all_costs=array([  -0.        ,   -0.        ,   -0.        ,   -0.        ,         -0.        ,   -0.        ,   -0.        ,   -0.        ,         -0.        ,  -16.39666669,   -0.        ,   -0.        ,         -0.        , -538.13483711,   -0.        ,   -0.        ,         -0.        ,   -0.        ,   -0.        ,   -0.        ,         -0.        ,   -0.        ,   -0.        ,   -0.        ,         -0.        ,   -0.        ,   -0.        ,   -0.        ,         -0.        ,   -0.        ,   -0.        ,   -0.        ,         -0.        ,   -0.        ,   -0.        ,   -0.        ,         -0.        ,   -0.        ,   -0.        ,   -0.        ,         -0.        ,   -0.        ,   -0.        ,   -0.        ,         -0.        ,   -0.        ,   -0.        ,   -0.        ,         -0.        ,   -0.        ,   -0.        ,   -0.        ])
all_uncers=array([1.e-08, 1.e-08, 1.e-08, 1.e-08, 1.e-08, 1.e-08, 1.e-08, 1.e-08,       1.e-08, 1.e-08, 1.e-08, 1.e-08, 1.e-08, 1.e-08, 1.e-08, 1.e-08,       1.e-08, 1.e-08, 1.e-08, 1.e-08, 1.e-08, 1.e-08, 1.e-08, 1.e-08,       1.e-08, 1.e-08, 1.e-08, 1.e-08, 1.e-08, 1.e-08, 1.e-08, 1.e-08,       1.e-08, 1.e-08, 1.e-08, 1.e-08, 1.e-08, 1.e-08, 1.e-08, 1.e-08,       1.e-08, 1.e-08, 1.e-08, 1.e-08, 1.e-08, 1.e-08, 1.e-08, 1.e-08,       1.e-08, 1.e-08, 1.e-08, 1.e-08])
bad_run_indexs=[]
best_cost=-538.1348371085745
best_params=array([50.3369962 , 50.37235071, -0.56257493, -0.16306079, 44.06419705,        0.36357773,  0.12659276,  0.2730385 ])
best_index=13
worst_cost=-0.0
worst_index=0
cost_range=538.1348371085745
costs_count=52
params_count=15
cost_scaler_init_index=36
net_0={'last_hyperfit': 0, 'last_net_reg': 1e-08, 'regularization_history': [1e-08], 'losses_list': [1.4872371, 0.0830827, 0.0069769267, 0.0009796584, 0.00015421261, 2.40557e-05, 1.02233e-05, 4.360996e-06, 1.46434e-06, 6.8663815e-07, 6.4507213e-07, 7.606342e-07, 1.2915259e-06, 1.2675202e-06, 8.48455e-07, 7.4559773e-07, 2.7615292e-06, 2.0790994e-05, 0.0003165073, 6.748409e-05, 0.87593573, 0.24041611, 0.00903042, 0.00027903053, 0.0005050117, 0.00079500355, 0.7870897, 0.17181881, 0.0030520258, 0.0016979354, 5.6573554e-05, 2.8058005e-06, 9.439119e-07, 5.7874473e-07, 6.124361e-07, 5.506518e-07, 1.6633854, 0.60120064, 0.5271041, 0.41191715, 0.17172705, 0.024721982, 0.02670583, 0.0027685564, 0.0019010308, 0.0023142258, 0.0013514523, 0.0003772195, 0.00033996746, 0.00016893947, 0.00012349812, 0.00034224003, 0.8203385, 0.6221935, 0.60891217, 0.5718516, 0.48919338, 0.3958436], 'scaler_samples': (array([[ 5.04000000e+01,  5.02200000e+01, -1.20000000e-01,         1.60000000e-01,  4.70000000e+01,  3.00000000e-01,         1.20000000e-01,  3.00000000e-01],       [ 5.03535429e+01,  5.01121885e+01, -8.48550892e-01,         6.08338524e-02,  4.82610976e+01,  3.13585605e-01,         1.00436059e-01,  2.31896108e-01],       [ 5.03863542e+01,  5.03468740e+01, -5.38980841e-01,        -4.76216039e-01,  4.30578274e+01,  3.29251175e-01,         9.60441680e-02,  2.96084986e-01],       [ 5.05093256e+01,  5.02458995e+01, -3.58225055e-01,         3.80875277e-01,  4.84604169e+01,  2.92310902e-01,         1.14524011e-01,  2.85198712e-01],       [ 5.04753570e+01,  5.01197077e+01, -9.49132541e-01,         5.92944328e-02,  4.98542191e+01,  3.08752349e-01,         1.49024614e-01,  3.10039692e-01],       [ 5.04026757e+01,  5.04270993e+01, -1.59449529e-02,        -6.39539043e-02,  4.78089998e+01,  2.98665811e-01,         1.19439378e-01,  2.93435474e-01],       [ 5.03982517e+01,  5.04313939e+01, -1.09250896e-01,        -7.77293297e-01,  4.75846994e+01,  3.41861880e-01,         9.34994704e-02,  2.16983221e-01],       [ 5.03359563e+01,  5.01966892e+01,  6.13339350e-01,        -1.08925531e+00,  4.77344059e+01,  3.28728871e-01,         1.04718217e-01,  2.24183742e-01],       [ 5.04318104e+01,  5.04787807e+01,  5.46062184e-01,        -2.30533610e-02,  4.96703649e+01,  3.07801246e-01,         1.48545953e-01,  2.69809122e-01],       [ 5.03350643e+01,  5.02300853e+01, -6.93145888e-01,        -1.13533462e-01,  4.32567671e+01,  3.13893181e-01,         1.03440141e-01,  2.87235620e-01],       [ 5.04815622e+01,  5.04896248e+01,  2.74522928e-01,        -1.16680737e+00,  4.46616520e+01,  3.02925477e-01,         1.19830147e-01,  2.06709196e-01],       [ 5.04159187e+01,  5.03067319e+01,  4.85278639e-02,         6.63649823e-01,  4.67156302e+01,  2.85158836e-01,         9.68820665e-02,  2.99167794e-01],       [ 5.05091350e+01,  5.04895874e+01, -7.04039906e-01,         9.65366450e-01,  4.42495652e+01,  2.93918622e-01,         1.19702950e-01,  1.58309406e-01],       [ 5.03369962e+01,  5.03723507e+01, -5.62574929e-01,        -1.63060790e-01,  4.40641970e+01,  3.63577729e-01,         1.26592756e-01,  2.73038503e-01],       [ 5.04045974e+01,  5.04571363e+01,  4.59629081e-02,         3.95783634e-01,  4.58883819e+01,  3.61396705e-01,         1.22118230e-01,  2.46581996e-01],       [ 5.03459200e+01,  5.01913963e+01, -7.92626145e-02,         1.05519932e-01,  4.38350888e+01,  3.32553745e-01,         1.42310520e-01,  1.77315107e-01],       [ 5.03786260e+01,  5.02643116e+01,  3.16098272e-02,         8.81070020e-01,  4.64429213e+01,  3.24296712e-01,         1.14192448e-01,  2.78148465e-01],       [ 5.04602421e+01,  5.03677480e+01, -8.62385631e-01,        -3.29948994e-01,  4.22259532e+01,  3.66308445e-01,         1.09770795e-01,  2.59484031e-01],       [ 5.03376910e+01,  5.04452514e+01,  4.07216269e-01,        -1.31948521e+00,  4.40737073e+01,  3.72144945e-01,         1.44759097e-01,  3.07909773e-01],       [ 5.04562193e+01,  5.02956756e+01,  1.78850113e-01,        -2.11349396e-01,  4.58221887e+01,  3.54445630e-01,         1.45783645e-01,  1.24777702e-01],       [ 5.03149761e+01,  5.04876441e+01, -3.72709966e-01,        -1.39831652e+00,  4.33201788e+01,  3.49187822e-01,         1.30492425e-01,  1.62377473e-01],       [ 5.04242592e+01,  5.06069273e+01, -5.71367625e-01,         2.93284060e-01,  4.74327222e+01,  3.51267359e-01,         1.28563509e-01,  1.55174781e-01],       [ 5.04955899e+01,  5.05620318e+01, -8.27971350e-01,        -3.02760690e-01,  4.60644132e+01,  3.39748294e-01,         1.08058608e-01,  1.63155664e-01],       [ 5.04682600e+01,  5.02219854e+01, -5.19897904e-01,         7.27497868e-01,  4.35874956e+01,  3.61899403e-01,         9.68719005e-02,  2.85926006e-01],       [ 5.03378488e+01,  5.04577987e+01,  4.18308868e-01,        -3.26155511e-01,  4.30916069e+01,  3.23904504e-01,         1.11649001e-01,  1.41307877e-01],       [ 5.04732211e+01,  5.03293897e+01, -4.27610695e-01,         8.77223593e-01,  4.68201559e+01,  3.77209310e-01,         1.34793483e-01,  2.18260310e-01],       [ 5.03367701e+01,  5.06001044e+01,  1.27764816e-01,         1.98341664e-02,  4.78025551e+01,  3.75396852e-01,         1.40844237e-01,  2.62966533e-01],       [ 5.03505916e+01,  5.03793394e+01, -5.09416746e-01,        -3.31166442e-01,  4.64735535e+01,  3.44987191e-01,         1.46303272e-01,  2.42847130e-01],       [ 5.04520582e+01,  5.04649999e+01,  3.38886970e-01,        -1.27710328e+00,  4.33265629e+01,  3.67826582e-01,         1.02870635e-01,  1.44058796e-01],       [ 5.04402263e+01,  5.01439265e+01, -2.65545987e-01,        -6.26514736e-01,  4.55331234e+01,  3.21958358e-01,         1.48699701e-01,  1.26672844e-01],       [ 5.04166965e+01,  5.02543886e+01, -3.07049793e-01,        -1.30637447e+00,  4.65386626e+01,  3.71161530e-01,         1.11041831e-01,  1.78873059e-01],       [ 5.03593195e+01,  5.05676796e+01, -6.76908035e-02,         5.10166069e-01,  4.25389057e+01,  3.43281315e-01,         1.27692807e-01,  1.26965181e-01],       [ 5.03048333e+01,  5.01642858e+01,  1.68035331e-01,        -9.20470336e-01,  4.76145205e+01,  3.62790752e-01,         1.00784712e-01,  2.43497628e-01],       [ 5.04500112e+01,  5.04807542e+01, -9.84725124e-01,         8.08723066e-01,  4.71044155e+01,  3.17986047e-01,         1.05083742e-01,  2.27839747e-01],       [ 5.04407088e+01,  5.02864638e+01, -2.63589790e-02,         1.68910137e-01,  4.52027175e+01,  3.69806108e-01,         1.46224689e-01,  1.61102103e-01],       [ 5.04804332e+01,  5.04778918e+01, -1.81963510e-01,        -1.54402599e-01,  4.64387891e+01,  3.26156129e-01,         1.16983977e-01,  1.81694154e-01]]), array([  -0.        ,   -0.        ,   -0.        ,   -0.        ,         -0.        ,   -0.        ,   -0.        ,   -0.        ,         -0.        ,  -16.39666669,   -0.        ,   -0.        ,         -0.        , -538.13483711,   -0.        ,   -0.        ,         -0.        ,   -0.        ,   -0.        ,   -0.        ,         -0.        ,   -0.        ,   -0.        ,   -0.        ,         -0.        ,   -0.        ,   -0.        ,   -0.        ,         -0.        ,   -0.        ,   -0.        ,   -0.        ,         -0.        ,   -0.        ,   -0.        ,   -0.        ])), 'net': {'saver_path': 'C:\\Users\\YbMinutes\\labscript-suite\\userlib\\labscriptlib\\ybclock\\analysis\\analysislib-mloop\\M-LOOP_archives\\neural_net_archive_2022-02-02_18-06_AM2TBTDg.ckpt'}}
net_1={'last_hyperfit': 0, 'last_net_reg': 1e-08, 'regularization_history': [1e-08], 'losses_list': [1.1750823, 0.32730645, 0.01805529, 0.0030362213, 0.00026167647, 4.7639383e-05, 3.515693e-05, 2.6311674e-05, 8.053077e-06, 2.1623457e-06, 2.3414352e-06, 1.696096e-06, 1.3630194e-06, 9.932287e-07, 9.1328576e-07, 5.7879646e-07, 5.887566e-07, 5.7810496e-07, 1.4407211e-06, 5.974457e-06, 1.3479661, 0.09740017, 0.0023427638, 0.00016009361, 6.2721006e-06, 4.907113e-06, 3.914642e-06, 7.1612715e-07, 5.82115e-07, 5.527324e-07, 0.94804394, 0.21923773, 0.0030963738, 0.00016897026, 1.26670475e-05, 1.3016995e-06, 5.941082e-07, 5.523307e-07, 1.386366, 0.43373352, 0.18593737, 0.015870405, 0.0009430718, 9.780515e-05, 4.3705248e-05, 1.8931507e-05, 1.044366e-05, 5.670633e-06, 3.3036142e-06, 2.092568e-06, 1.3530137e-06, 9.1436584e-07, 7.336629e-07, 6.469873e-07, 0.8013443, 0.46940827, 0.9318866, 0.23667899, 0.19741853, 0.4102741, 0.09445746, 0.02290103, 0.0058056423, 0.0021580737, 0.0012820776, 0.0009537825, 0.00083869207, 0.00048940536, 0.0003989018, 0.00024148289, 0.000256176, 0.00018703475, 0.00015376859, 0.00013816867], 'scaler_samples': (array([[ 5.04000000e+01,  5.02200000e+01, -1.20000000e-01,         1.60000000e-01,  4.70000000e+01,  3.00000000e-01,         1.20000000e-01,  3.00000000e-01],       [ 5.03535429e+01,  5.01121885e+01, -8.48550892e-01,         6.08338524e-02,  4.82610976e+01,  3.13585605e-01,         1.00436059e-01,  2.31896108e-01],       [ 5.03863542e+01,  5.03468740e+01, -5.38980841e-01,        -4.76216039e-01,  4.30578274e+01,  3.29251175e-01,         9.60441680e-02,  2.96084986e-01],       [ 5.05093256e+01,  5.02458995e+01, -3.58225055e-01,         3.80875277e-01,  4.84604169e+01,  2.92310902e-01,         1.14524011e-01,  2.85198712e-01],       [ 5.04753570e+01,  5.01197077e+01, -9.49132541e-01,         5.92944328e-02,  4.98542191e+01,  3.08752349e-01,         1.49024614e-01,  3.10039692e-01],       [ 5.04026757e+01,  5.04270993e+01, -1.59449529e-02,        -6.39539043e-02,  4.78089998e+01,  2.98665811e-01,         1.19439378e-01,  2.93435474e-01],       [ 5.03982517e+01,  5.04313939e+01, -1.09250896e-01,        -7.77293297e-01,  4.75846994e+01,  3.41861880e-01,         9.34994704e-02,  2.16983221e-01],       [ 5.03359563e+01,  5.01966892e+01,  6.13339350e-01,        -1.08925531e+00,  4.77344059e+01,  3.28728871e-01,         1.04718217e-01,  2.24183742e-01],       [ 5.04318104e+01,  5.04787807e+01,  5.46062184e-01,        -2.30533610e-02,  4.96703649e+01,  3.07801246e-01,         1.48545953e-01,  2.69809122e-01],       [ 5.03350643e+01,  5.02300853e+01, -6.93145888e-01,        -1.13533462e-01,  4.32567671e+01,  3.13893181e-01,         1.03440141e-01,  2.87235620e-01],       [ 5.04815622e+01,  5.04896248e+01,  2.74522928e-01,        -1.16680737e+00,  4.46616520e+01,  3.02925477e-01,         1.19830147e-01,  2.06709196e-01],       [ 5.04159187e+01,  5.03067319e+01,  4.85278639e-02,         6.63649823e-01,  4.67156302e+01,  2.85158836e-01,         9.68820665e-02,  2.99167794e-01],       [ 5.05091350e+01,  5.04895874e+01, -7.04039906e-01,         9.65366450e-01,  4.42495652e+01,  2.93918622e-01,         1.19702950e-01,  1.58309406e-01],       [ 5.03369962e+01,  5.03723507e+01, -5.62574929e-01,        -1.63060790e-01,  4.40641970e+01,  3.63577729e-01,         1.26592756e-01,  2.73038503e-01],       [ 5.04045974e+01,  5.04571363e+01,  4.59629081e-02,         3.95783634e-01,  4.58883819e+01,  3.61396705e-01,         1.22118230e-01,  2.46581996e-01],       [ 5.03459200e+01,  5.01913963e+01, -7.92626145e-02,         1.05519932e-01,  4.38350888e+01,  3.32553745e-01,         1.42310520e-01,  1.77315107e-01],       [ 5.03786260e+01,  5.02643116e+01,  3.16098272e-02,         8.81070020e-01,  4.64429213e+01,  3.24296712e-01,         1.14192448e-01,  2.78148465e-01],       [ 5.04602421e+01,  5.03677480e+01, -8.62385631e-01,        -3.29948994e-01,  4.22259532e+01,  3.66308445e-01,         1.09770795e-01,  2.59484031e-01],       [ 5.03376910e+01,  5.04452514e+01,  4.07216269e-01,        -1.31948521e+00,  4.40737073e+01,  3.72144945e-01,         1.44759097e-01,  3.07909773e-01],       [ 5.04562193e+01,  5.02956756e+01,  1.78850113e-01,        -2.11349396e-01,  4.58221887e+01,  3.54445630e-01,         1.45783645e-01,  1.24777702e-01],       [ 5.03149761e+01,  5.04876441e+01, -3.72709966e-01,        -1.39831652e+00,  4.33201788e+01,  3.49187822e-01,         1.30492425e-01,  1.62377473e-01],       [ 5.04242592e+01,  5.06069273e+01, -5.71367625e-01,         2.93284060e-01,  4.74327222e+01,  3.51267359e-01,         1.28563509e-01,  1.55174781e-01],       [ 5.04955899e+01,  5.05620318e+01, -8.27971350e-01,        -3.02760690e-01,  4.60644132e+01,  3.39748294e-01,         1.08058608e-01,  1.63155664e-01],       [ 5.04682600e+01,  5.02219854e+01, -5.19897904e-01,         7.27497868e-01,  4.35874956e+01,  3.61899403e-01,         9.68719005e-02,  2.85926006e-01],       [ 5.03378488e+01,  5.04577987e+01,  4.18308868e-01,        -3.26155511e-01,  4.30916069e+01,  3.23904504e-01,         1.11649001e-01,  1.41307877e-01],       [ 5.04732211e+01,  5.03293897e+01, -4.27610695e-01,         8.77223593e-01,  4.68201559e+01,  3.77209310e-01,         1.34793483e-01,  2.18260310e-01],       [ 5.03367701e+01,  5.06001044e+01,  1.27764816e-01,         1.98341664e-02,  4.78025551e+01,  3.75396852e-01,         1.40844237e-01,  2.62966533e-01],       [ 5.03505916e+01,  5.03793394e+01, -5.09416746e-01,        -3.31166442e-01,  4.64735535e+01,  3.44987191e-01,         1.46303272e-01,  2.42847130e-01],       [ 5.04520582e+01,  5.04649999e+01,  3.38886970e-01,        -1.27710328e+00,  4.33265629e+01,  3.67826582e-01,         1.02870635e-01,  1.44058796e-01],       [ 5.04402263e+01,  5.01439265e+01, -2.65545987e-01,        -6.26514736e-01,  4.55331234e+01,  3.21958358e-01,         1.48699701e-01,  1.26672844e-01],       [ 5.04166965e+01,  5.02543886e+01, -3.07049793e-01,        -1.30637447e+00,  4.65386626e+01,  3.71161530e-01,         1.11041831e-01,  1.78873059e-01],       [ 5.03593195e+01,  5.05676796e+01, -6.76908035e-02,         5.10166069e-01,  4.25389057e+01,  3.43281315e-01,         1.27692807e-01,  1.26965181e-01],       [ 5.03048333e+01,  5.01642858e+01,  1.68035331e-01,        -9.20470336e-01,  4.76145205e+01,  3.62790752e-01,         1.00784712e-01,  2.43497628e-01],       [ 5.04500112e+01,  5.04807542e+01, -9.84725124e-01,         8.08723066e-01,  4.71044155e+01,  3.17986047e-01,         1.05083742e-01,  2.27839747e-01],       [ 5.04407088e+01,  5.02864638e+01, -2.63589790e-02,         1.68910137e-01,  4.52027175e+01,  3.69806108e-01,         1.46224689e-01,  1.61102103e-01],       [ 5.04804332e+01,  5.04778918e+01, -1.81963510e-01,        -1.54402599e-01,  4.64387891e+01,  3.26156129e-01,         1.16983977e-01,  1.81694154e-01]]), array([  -0.        ,   -0.        ,   -0.        ,   -0.        ,         -0.        ,   -0.        ,   -0.        ,   -0.        ,         -0.        ,  -16.39666669,   -0.        ,   -0.        ,         -0.        , -538.13483711,   -0.        ,   -0.        ,         -0.        ,   -0.        ,   -0.        ,   -0.        ,         -0.        ,   -0.        ,   -0.        ,   -0.        ,         -0.        ,   -0.        ,   -0.        ,   -0.        ,         -0.        ,   -0.        ,   -0.        ,   -0.        ,         -0.        ,   -0.        ,   -0.        ,   -0.        ])), 'net': {'saver_path': 'C:\\Users\\YbMinutes\\labscript-suite\\userlib\\labscriptlib\\ybclock\\analysis\\analysislib-mloop\\M-LOOP_archives\\neural_net_archive_2022-02-02_18-06_pXAihUTa.ckpt'}}
net_2={'last_hyperfit': 0, 'last_net_reg': 1e-08, 'regularization_history': [1e-08], 'losses_list': [1.374284, 0.19387162, 0.010757923, 0.0011119831, 0.00011717833, 3.7347774e-05, 1.976968e-05, 4.8976217e-06, 2.3600765e-06, 2.2068596e-06, 8.0786583e-07, 6.172939e-07, 5.450796e-07, 5.393442e-07, 5.330603e-07, 5.3244537e-07, 5.311337e-07, 5.3108664e-07, 5.310023e-07, 5.309739e-07, 5.3097256e-07, 5.309722e-07, 5.3097216e-07, 5.3097204e-07, 5.30972e-07, 5.3097193e-07, 5.309719e-07, 5.309719e-07, 5.309719e-07, 5.309719e-07, 0.97492224, 0.18522003, 0.021144522, 0.0040605254, 0.0011216081, 0.00010187341, 2.6748285e-05, 9.82476e-06, 3.2939474e-06, 2.2942472e-06, 9.201974e-07, 6.9562896e-07, 5.995639e-07, 5.520534e-07, 0.6480318, 0.3180202, 0.02405333, 0.03182605, 0.0038547423, 0.0010862935, 0.00019215501, 1.547204e-05, 4.6997343e-06, 9.729406e-07, 5.761792e-07, 5.483051e-07, 1.5872726, 0.5462307, 0.44844005, 0.2158652, 0.038598016, 0.005082758, 0.0014552956, 0.00046769713, 0.00021033462, 0.0001187314, 6.042199e-05, 3.4728753e-05, 1.9481671e-05, 1.2029986e-05, 7.4799727e-06, 4.7161757e-06, 3.0228387e-06, 2.1314258e-06, 1.4221287e-06, 1.0673151e-06, 8.635796e-07, 7.467064e-07, 6.5878504e-07, 6.189522e-07, 1.5549436, 0.5886411, 0.5585497, 0.43466946, 0.34352943, 0.35581118], 'scaler_samples': (array([[ 5.04000000e+01,  5.02200000e+01, -1.20000000e-01,         1.60000000e-01,  4.70000000e+01,  3.00000000e-01,         1.20000000e-01,  3.00000000e-01],       [ 5.03535429e+01,  5.01121885e+01, -8.48550892e-01,         6.08338524e-02,  4.82610976e+01,  3.13585605e-01,         1.00436059e-01,  2.31896108e-01],       [ 5.03863542e+01,  5.03468740e+01, -5.38980841e-01,        -4.76216039e-01,  4.30578274e+01,  3.29251175e-01,         9.60441680e-02,  2.96084986e-01],       [ 5.05093256e+01,  5.02458995e+01, -3.58225055e-01,         3.80875277e-01,  4.84604169e+01,  2.92310902e-01,         1.14524011e-01,  2.85198712e-01],       [ 5.04753570e+01,  5.01197077e+01, -9.49132541e-01,         5.92944328e-02,  4.98542191e+01,  3.08752349e-01,         1.49024614e-01,  3.10039692e-01],       [ 5.04026757e+01,  5.04270993e+01, -1.59449529e-02,        -6.39539043e-02,  4.78089998e+01,  2.98665811e-01,         1.19439378e-01,  2.93435474e-01],       [ 5.03982517e+01,  5.04313939e+01, -1.09250896e-01,        -7.77293297e-01,  4.75846994e+01,  3.41861880e-01,         9.34994704e-02,  2.16983221e-01],       [ 5.03359563e+01,  5.01966892e+01,  6.13339350e-01,        -1.08925531e+00,  4.77344059e+01,  3.28728871e-01,         1.04718217e-01,  2.24183742e-01],       [ 5.04318104e+01,  5.04787807e+01,  5.46062184e-01,        -2.30533610e-02,  4.96703649e+01,  3.07801246e-01,         1.48545953e-01,  2.69809122e-01],       [ 5.03350643e+01,  5.02300853e+01, -6.93145888e-01,        -1.13533462e-01,  4.32567671e+01,  3.13893181e-01,         1.03440141e-01,  2.87235620e-01],       [ 5.04815622e+01,  5.04896248e+01,  2.74522928e-01,        -1.16680737e+00,  4.46616520e+01,  3.02925477e-01,         1.19830147e-01,  2.06709196e-01],       [ 5.04159187e+01,  5.03067319e+01,  4.85278639e-02,         6.63649823e-01,  4.67156302e+01,  2.85158836e-01,         9.68820665e-02,  2.99167794e-01],       [ 5.05091350e+01,  5.04895874e+01, -7.04039906e-01,         9.65366450e-01,  4.42495652e+01,  2.93918622e-01,         1.19702950e-01,  1.58309406e-01],       [ 5.03369962e+01,  5.03723507e+01, -5.62574929e-01,        -1.63060790e-01,  4.40641970e+01,  3.63577729e-01,         1.26592756e-01,  2.73038503e-01],       [ 5.04045974e+01,  5.04571363e+01,  4.59629081e-02,         3.95783634e-01,  4.58883819e+01,  3.61396705e-01,         1.22118230e-01,  2.46581996e-01],       [ 5.03459200e+01,  5.01913963e+01, -7.92626145e-02,         1.05519932e-01,  4.38350888e+01,  3.32553745e-01,         1.42310520e-01,  1.77315107e-01],       [ 5.03786260e+01,  5.02643116e+01,  3.16098272e-02,         8.81070020e-01,  4.64429213e+01,  3.24296712e-01,         1.14192448e-01,  2.78148465e-01],       [ 5.04602421e+01,  5.03677480e+01, -8.62385631e-01,        -3.29948994e-01,  4.22259532e+01,  3.66308445e-01,         1.09770795e-01,  2.59484031e-01],       [ 5.03376910e+01,  5.04452514e+01,  4.07216269e-01,        -1.31948521e+00,  4.40737073e+01,  3.72144945e-01,         1.44759097e-01,  3.07909773e-01],       [ 5.04562193e+01,  5.02956756e+01,  1.78850113e-01,        -2.11349396e-01,  4.58221887e+01,  3.54445630e-01,         1.45783645e-01,  1.24777702e-01],       [ 5.03149761e+01,  5.04876441e+01, -3.72709966e-01,        -1.39831652e+00,  4.33201788e+01,  3.49187822e-01,         1.30492425e-01,  1.62377473e-01],       [ 5.04242592e+01,  5.06069273e+01, -5.71367625e-01,         2.93284060e-01,  4.74327222e+01,  3.51267359e-01,         1.28563509e-01,  1.55174781e-01],       [ 5.04955899e+01,  5.05620318e+01, -8.27971350e-01,        -3.02760690e-01,  4.60644132e+01,  3.39748294e-01,         1.08058608e-01,  1.63155664e-01],       [ 5.04682600e+01,  5.02219854e+01, -5.19897904e-01,         7.27497868e-01,  4.35874956e+01,  3.61899403e-01,         9.68719005e-02,  2.85926006e-01],       [ 5.03378488e+01,  5.04577987e+01,  4.18308868e-01,        -3.26155511e-01,  4.30916069e+01,  3.23904504e-01,         1.11649001e-01,  1.41307877e-01],       [ 5.04732211e+01,  5.03293897e+01, -4.27610695e-01,         8.77223593e-01,  4.68201559e+01,  3.77209310e-01,         1.34793483e-01,  2.18260310e-01],       [ 5.03367701e+01,  5.06001044e+01,  1.27764816e-01,         1.98341664e-02,  4.78025551e+01,  3.75396852e-01,         1.40844237e-01,  2.62966533e-01],       [ 5.03505916e+01,  5.03793394e+01, -5.09416746e-01,        -3.31166442e-01,  4.64735535e+01,  3.44987191e-01,         1.46303272e-01,  2.42847130e-01],       [ 5.04520582e+01,  5.04649999e+01,  3.38886970e-01,        -1.27710328e+00,  4.33265629e+01,  3.67826582e-01,         1.02870635e-01,  1.44058796e-01],       [ 5.04402263e+01,  5.01439265e+01, -2.65545987e-01,        -6.26514736e-01,  4.55331234e+01,  3.21958358e-01,         1.48699701e-01,  1.26672844e-01],       [ 5.04166965e+01,  5.02543886e+01, -3.07049793e-01,        -1.30637447e+00,  4.65386626e+01,  3.71161530e-01,         1.11041831e-01,  1.78873059e-01],       [ 5.03593195e+01,  5.05676796e+01, -6.76908035e-02,         5.10166069e-01,  4.25389057e+01,  3.43281315e-01,         1.27692807e-01,  1.26965181e-01],       [ 5.03048333e+01,  5.01642858e+01,  1.68035331e-01,        -9.20470336e-01,  4.76145205e+01,  3.62790752e-01,         1.00784712e-01,  2.43497628e-01],       [ 5.04500112e+01,  5.04807542e+01, -9.84725124e-01,         8.08723066e-01,  4.71044155e+01,  3.17986047e-01,         1.05083742e-01,  2.27839747e-01],       [ 5.04407088e+01,  5.02864638e+01, -2.63589790e-02,         1.68910137e-01,  4.52027175e+01,  3.69806108e-01,         1.46224689e-01,  1.61102103e-01],       [ 5.04804332e+01,  5.04778918e+01, -1.81963510e-01,        -1.54402599e-01,  4.64387891e+01,  3.26156129e-01,         1.16983977e-01,  1.81694154e-01]]), array([  -0.        ,   -0.        ,   -0.        ,   -0.        ,         -0.        ,   -0.        ,   -0.        ,   -0.        ,         -0.        ,  -16.39666669,   -0.        ,   -0.        ,         -0.        , -538.13483711,   -0.        ,   -0.        ,         -0.        ,   -0.        ,   -0.        ,   -0.        ,         -0.        ,   -0.        ,   -0.        ,   -0.        ,         -0.        ,   -0.        ,   -0.        ,   -0.        ,         -0.        ,   -0.        ,   -0.        ,   -0.        ,         -0.        ,   -0.        ,   -0.        ,   -0.        ])), 'net': {'saver_path': 'C:\\Users\\YbMinutes\\labscript-suite\\userlib\\labscriptlib\\ybclock\\analysis\\analysislib-mloop\\M-LOOP_archives\\neural_net_archive_2022-02-02_18-06_M8_25_HZ.ckpt'}}
