mloop_version='3.2.1'
archive_type='neural_net_learner'
num_params=8
min_boundary=array([50.3 , 50.1 , -1.  , -1.5 , 40.  ,  0.28,  0.  ,  0.  ])
max_boundary=array([50.65, 50.65,  1.  ,  1.  , 50.  ,  0.4 ,  0.4 ,  0.4 ])
start_datetime='2022-02-02_15-21'
param_names=['green_mot_frequency', 'lattice_loading_frequency', 'y_bias_field_loading', 'z_bias_field_loading', 'LS_bicolor_mot_frequency_for_green', 'LS_blue_mot_intensity', 'LS_green_mot_loading_intensity', 'LS_green_mot_intensity']
search_precision=1e-06
parameter_searches=10
bad_uncer_frac=0.1
trust_region=array([0.175, 0.275, 1.   , 1.25 , 5.   , 0.06 , 0.2  , 0.2  ])
has_trust_region=True
predict_global_minima_at_end=True
generation_num=3
update_hyperparameters=False
predicted_best_parameters=array([ 5.03000000e+01,  5.03074164e+01, -1.00000000e+00, -7.39194655e-01,        4.45352760e+01,  3.06972054e-01,  2.25790398e-01,  2.77555756e-17])
predicted_best_scaled_cost=-1947.5312
predicted_best_cost=-1947.53125
all_params=array([[ 5.04000000e+01,  5.01200000e+01, -1.20000000e-01,         1.60000000e-01,  4.70000000e+01,  3.00000000e-01,         1.20000000e-01,  3.00000000e-01],       [ 5.05428204e+01,  5.03464437e+01,  5.15622252e-01,         8.39356919e-01,  4.88215762e+01,  3.06856053e-01,         1.00616448e-03,  2.90574254e-01],       [ 5.05403793e+01,  5.03688673e+01, -7.61999801e-01,         2.48268832e-01,  4.49945984e+01,  2.84754093e-01,         1.51258022e-01,  3.29474405e-01],       [ 5.03516356e+01,  5.01696568e+01, -6.70002783e-01,         6.08403661e-01,  4.50127571e+01,  2.93226316e-01,         3.35987248e-02,  1.52072998e-01],       [ 5.03523236e+01,  5.01497916e+01,  8.48712449e-01,         7.09882496e-01,  4.25320516e+01,  3.52955174e-01,         2.29473700e-01,  3.77601586e-01],       [ 5.03342637e+01,  5.03199592e+01,  6.46276149e-01,         3.98751757e-01,  4.26398158e+01,  3.54962500e-01,         2.20771465e-01,  3.74680168e-01],       [ 5.05022543e+01,  5.02911435e+01, -1.59990227e-01,         2.84306309e-01,  4.98384844e+01,  3.23782740e-01,         6.43109800e-02,  1.10924561e-01],       [ 5.03016351e+01,  5.02540512e+01, -7.45932236e-01,        -4.73844336e-01,  4.37865383e+01,  3.26121167e-01,         2.39740920e-01,  1.50243692e-01],       [ 5.04038799e+01,  5.03080369e+01, -3.69034040e-02,         5.77234625e-01,  4.85538007e+01,  3.58302645e-01,         4.47375311e-02,  2.50411736e-01],       [ 5.03569528e+01,  5.02474661e+01, -2.63455286e-01,         6.78541459e-01,  4.89623840e+01,  3.04387744e-01,         1.92236470e-01,  3.24564952e-01],       [ 5.04489638e+01,  5.02131865e+01, -9.50145975e-01,         6.08002877e-01,  4.47269238e+01,  3.28854694e-01,         2.91852890e-01,  2.22360796e-01],       [ 5.03820556e+01,  5.01557054e+01,  2.51830137e-01,        -5.22688363e-01,  4.27271167e+01,  3.55166576e-01,         2.77334183e-01,  2.73024060e-01],       [ 5.03196005e+01,  5.03299856e+01, -3.44581132e-01,        -5.68151185e-01,  4.86006495e+01,  3.19979841e-01,         1.74309890e-01,  3.34492398e-01],       [ 5.04260218e+01,  5.02423494e+01, -3.92761804e-01,        -9.47838755e-01,  4.99432808e+01,  3.53438064e-01,         5.65025687e-02,  3.31641684e-01],       [ 5.04953784e+01,  5.02039104e+01,  5.85099604e-01,        -2.57856162e-01,  4.90051783e+01,  3.12308071e-01,         3.03527657e-01,  3.25302619e-01],       [ 5.05142082e+01,  5.01125828e+01,  3.51426096e-01,         1.38667386e-01,  4.27706201e+01,  3.53689915e-01,         1.40584058e-02,  2.42497816e-01],       [ 5.04766716e+01,  5.03647381e+01, -4.07810758e-01,         2.17171789e-01,  4.48899735e+01,  3.24603296e-01,         1.72890451e-01,  1.62129854e-01],       [ 5.04052591e+01,  5.02776668e+01,  4.45996826e-01,        -5.26925539e-01,  4.66951517e+01,  2.90718265e-01,         2.80054733e-01,  2.00148032e-01],       [ 5.04199117e+01,  5.03860128e+01,  3.58993997e-01,        -9.13848048e-01,  4.91330163e+01,  3.27965252e-01,         4.18873335e-02,  1.62871323e-01],       [ 5.04158485e+01,  5.02576048e+01, -8.16082367e-01,        -1.90632297e-01,  4.46322649e+01,  2.82351333e-01,         1.42713891e-01,  1.92354023e-01],       [ 5.03635351e+01,  5.03183051e+01,  1.50581764e-01,         9.53800452e-02,  4.48153454e+01,  2.81430615e-01,         2.78664474e-01,  2.28059597e-01],       [ 5.04180924e+01,  5.01687204e+01, -3.68859883e-01,         7.63775390e-01,  4.51543031e+01,  3.54605592e-01,         5.90323403e-02,  1.55902307e-01],       [ 5.04802231e+01,  5.01058229e+01, -4.93503141e-01,         7.02553717e-02,  4.54200537e+01,  3.42094012e-01,         4.14252008e-02,  2.94204012e-01],       [ 5.05397958e+01,  5.01169939e+01,  1.24804577e-01,         7.00004762e-01,  4.70176564e+01,  3.88481231e-01,         4.17485534e-02,  1.61011544e-01],       [ 5.06143747e+01,  5.02197613e+01, -3.09189516e-01,        -9.49796032e-01,  4.72025871e+01,  3.76242708e-01,         1.67574601e-01,  2.31945090e-01],       [ 5.05080261e+01,  5.01848697e+01, -3.56655373e-01,        -5.65276666e-01,  4.12211140e+01,  2.87712282e-01,         2.22139041e-01,  1.25644505e-01],       [ 5.03618104e+01,  5.02182454e+01, -6.27303289e-01,         2.47690682e-01,  4.51335374e+01,  3.73290308e-01,         1.65382015e-01,  3.33185948e-01],       [ 5.03128380e+01,  5.01399126e+01,  2.48187497e-01,        -1.17921074e+00,  4.69368640e+01,  3.21759928e-01,         2.11394496e-01,  9.80659891e-02],       [ 5.06268475e+01,  5.01839861e+01, -7.37977713e-01,        -8.07406836e-01,  4.47477459e+01,  3.55063648e-01,         8.27556544e-03,  1.66064803e-01],       [ 5.03930926e+01,  5.02127855e+01,  2.70242476e-01,        -2.65202675e-01,  4.69162283e+01,  3.40380149e-01,         5.96207085e-02,  3.27938004e-01],       [ 5.03424710e+01,  5.01197499e+01, -8.51779499e-01,        -9.15836240e-01,  4.27227683e+01,  2.96425460e-01,         7.32561877e-02,  1.92356336e-01],       [ 5.03957172e+01,  5.03266329e+01, -8.42200075e-01,        -9.91533587e-01,  4.60418671e+01,  3.29654076e-01,         1.94540792e-01,  1.63802176e-01],       [ 5.05942428e+01,  5.01671641e+01, -2.39459442e-01,        -1.16101996e-01,  4.40323798e+01,  3.72479144e-01,         7.11597489e-02,  1.11456837e-01],       [ 5.04473824e+01,  5.01233389e+01,  5.56028770e-01,         4.81107202e-01,  4.36023055e+01,  3.28445079e-01,         4.24078418e-02,  2.10400297e-01],       [ 5.06496116e+01,  5.03607617e+01, -9.92781969e-01,        -8.85254865e-01,  4.45340255e+01,  3.88265229e-01,         9.63050063e-02,  2.80532132e-01],       [ 5.05994062e+01,  5.01682671e+01, -5.91113925e-01,        -1.03331228e+00,  4.09939770e+01,  3.39496843e-01,         2.25913723e-01,  1.70581185e-01],       [ 5.06500000e+01,  5.01369470e+01, -1.95989919e-01,         8.84083082e-02,  4.01839737e+01,  4.00000000e-01,         0.00000000e+00,  2.77555756e-17],       [ 5.06500000e+01,  5.01832173e+01,  4.62555041e-01,         5.19049116e-01,  4.07821335e+01,  4.00000000e-01,         1.08185470e-02,  2.77555756e-17],       [ 5.06500000e+01,  5.01000000e+01,  2.06184988e-01,        -7.74003068e-02,  4.00000000e+01,  4.00000000e-01,         6.81703415e-02,  2.77555756e-17],       [ 5.06260594e+01,  5.02734046e+01,  7.09134176e-01,        -1.11689971e-01,  4.58281826e+01,  3.54731518e-01,         2.50793297e-01,  2.67732242e-01],       [ 5.06500000e+01,  5.01853084e+01, -3.25643402e-01,        -7.16670907e-02,  4.54549772e+01,  3.92094557e-01,         7.42388712e-02,  1.00025793e-01],       [ 5.06500000e+01,  5.01366812e+01, -5.03370318e-01,        -2.40125419e-01,  4.45178210e+01,  3.76507886e-01,         1.21964963e-01,  3.57423597e-02],       [ 5.06264665e+01,  5.01554669e+01, -2.02858300e-01,        -2.78317957e-02,  4.40565087e+01,  3.66166892e-01,         6.99975066e-02,  7.98744371e-02],       [ 5.04466792e+01,  5.02206404e+01, -4.11703654e-02,         6.59387382e-01,  4.12881037e+01,  3.68517715e-01,         2.12230056e-02,  2.17433465e-01],       [ 5.06116035e+01,  5.01503749e+01, -2.64184971e-01,        -1.25740877e-01,  4.24829009e+01,  3.88273239e-01,         6.40765565e-02,  1.60594367e-01],       [ 5.05562493e+01,  5.01624226e+01, -1.40510817e-01,        -1.22074275e-01,  4.38983971e+01,  3.79708454e-01,         7.11682989e-02,  1.17274876e-01],       [ 5.05467655e+01,  5.01558976e+01, -1.24890839e-01,        -2.66285820e-01,  4.37462435e+01,  3.76536810e-01,         4.86733774e-02,  1.13170776e-01],       [ 5.05057474e+01,  5.01404581e+01,  6.93759814e-01,        -4.64588709e-01,  4.51255044e+01,  3.84683467e-01,         1.81779232e-01,  2.13794300e-02],       [ 5.06349739e+01,  5.01512698e+01, -2.05891058e-01,        -1.58856466e-01,  4.37508524e+01,  3.76222228e-01,         3.67192709e-02,  1.21926739e-01],       [ 5.05993313e+01,  5.01851267e+01, -3.18396788e-01,        -1.61332216e-01,  4.39703791e+01,  3.64196779e-01,         8.29035403e-02,  1.17692166e-01],       [ 5.05939428e+01,  5.01872041e+01, -2.63591048e-01,        -1.33332589e-01,  4.32876361e+01,  3.65427570e-01,         7.42814468e-02,  1.13523063e-01],       [ 5.04728014e+01,  5.02360186e+01, -9.78518524e-01,        -1.24560840e+00,  4.69704556e+01,  3.53299590e-01,         2.52874083e-01,  1.65835617e-01],       [ 5.05722706e+01,  5.01667955e+01, -2.44198017e-01,        -4.16288493e-02,  4.42167307e+01,  3.71699723e-01,         6.84692354e-02,  9.66357529e-02],       [ 5.05631917e+01,  5.01637249e+01, -1.44230335e-01,         2.67582591e-02,  4.42829435e+01,  3.74046125e-01,         7.41438347e-02,  1.01192882e-01],       [ 5.06189280e+01,  5.01000000e+01, -3.90167002e-01,        -2.17940882e-01,  4.35479975e+01,  3.92353273e-01,         1.13748093e-01,  9.00186511e-02],       [ 5.04707304e+01,  5.03058997e+01,  4.82650662e-01,        -7.55807800e-01,  4.20897756e+01,  3.90982330e-01,         2.96834721e-03,  2.98904305e-01],       [ 5.05986740e+01,  5.01752322e+01, -1.86776579e-01,        -1.82461845e-01,  4.41538109e+01,  3.72475969e-01,         7.89963633e-02,  1.11852371e-01],       [ 5.06500000e+01,  5.01000000e+01, -4.18718826e-01,        -2.51687695e-01,  4.31613019e+01,  3.73935432e-01,         1.63311655e-01,  9.46186506e-02],       [ 5.06223082e+01,  5.01223771e+01, -1.39732464e-01,        -1.74654616e-01,  4.49075279e+01,  3.74842458e-01,         7.01212828e-02,  1.15974487e-01],       [ 5.06021239e+01,  5.03169527e+01, -8.01098477e-01,         7.45813854e-01,  4.81239983e+01,  3.23043923e-01,         1.39902058e-01,  1.04260144e-01],       [ 5.06164816e+01,  5.01558030e+01, -2.55761434e-01,         2.35961842e-02,  4.38061077e+01,  3.75600044e-01,         5.76612987e-02,  1.22300327e-01],       [ 5.05985161e+01,  5.01512231e+01, -3.50316859e-01,         1.17924765e-01,  4.33130165e+01,  3.65615868e-01,         9.11934562e-02,  1.36695150e-01],       [ 5.06328669e+01,  5.01179869e+01, -3.16569838e-01,        -1.67078322e-02,  4.44703309e+01,  3.75170478e-01,         5.20218545e-02,  1.17245941e-01],       [ 5.06266854e+01,  5.02729018e+01, -5.80359906e-01,        -4.00242387e-01,  4.59235957e+01,  3.51224709e-01,         1.70045474e-01,  9.67132923e-02],       [ 5.05905380e+01,  5.01692738e+01, -2.85693965e-01,        -1.67046311e-01,  4.38689057e+01,  3.72079602e-01,         6.34123602e-02,  9.81242789e-02],       [ 5.05968568e+01,  5.01587975e+01, -2.38095539e-01,        -2.32364880e-01,  4.39832421e+01,  3.73656834e-01,         6.25364363e-02,  9.00207151e-02],       [ 5.06257466e+01,  5.01815224e+01, -3.71586633e-01,        -3.42170811e-01,  4.15217805e+01,  4.00000000e-01,         7.41380488e-02,  2.77555756e-17],       [ 5.05581896e+01,  5.04604052e+01, -4.69211444e-01,         4.15842275e-01,  4.85973643e+01,  3.40857951e-01,         1.75666565e-01,  1.87002187e-01],       [ 5.05997758e+01,  5.03194371e+01, -7.15800336e-01,        -4.59994549e-01,  4.40379684e+01,  4.00000000e-01,         8.90608097e-02,  2.77555756e-17],       [ 5.06500000e+01,  5.02503297e+01, -1.00000000e+00,         8.20113815e-02,  4.00000000e+01,  4.00000000e-01,         1.51611856e-01,  2.77555756e-17],       [ 5.06500000e+01,  5.02351038e+01, -6.90440681e-01,        -8.57496513e-01,  4.00000000e+01,  4.00000000e-01,         2.51484326e-02,  2.77555756e-17],       [ 5.05938632e+01,  5.01507317e+01, -8.17733558e-01,        -1.30268417e+00,  4.32627180e+01,  3.99268242e-01,         2.30619381e-01,  5.76173385e-02],       [ 5.06099858e+01,  5.01766912e+01, -4.10809966e-01,        -4.04004357e-01,  4.12931507e+01,  4.00000000e-01,         8.80516487e-02,  2.77555756e-17],       [ 5.06456528e+01,  5.01526691e+01, -3.01213701e-01,        -2.56087417e-01,  4.07331517e+01,  4.00000000e-01,         1.02350354e-01,  2.77555756e-17],       [ 5.06500000e+01,  5.01955801e+01, -2.96849682e-01,        -1.85020554e-01,  4.13859123e+01,  4.00000000e-01,         1.07774651e-01,  2.77555756e-17],       [ 5.05080582e+01,  5.01862770e+01, -8.89925400e-01,        -1.05805085e+00,  4.61510665e+01,  2.93503716e-01,         2.47455488e-02,  2.67578270e-01],       [ 5.06059467e+01,  5.02053699e+01, -2.72989286e-01,        -3.34729399e-01,  4.24437376e+01,  4.00000000e-01,         9.18138225e-04,  2.77555756e-17],       [ 5.06408809e+01,  5.01946394e+01, -5.56039187e-01,        -3.63920216e-01,  4.09371539e+01,  3.85249232e-01,         0.00000000e+00,  2.77555756e-17],       [ 5.06500000e+01,  5.01824701e+01, -5.13517662e-01,        -1.22120705e-01,  4.14554613e+01,  4.00000000e-01,         0.00000000e+00,  2.77555756e-17],       [ 5.04893524e+01,  5.04179277e+01,  2.56699587e-01,        -1.10279909e+00,  4.88725165e+01,  3.50073970e-01,         2.12247471e-01,  1.64675294e-01],       [ 5.06276215e+01,  5.01812147e+01, -3.29374520e-01,        -3.36131747e-01,  4.18961527e+01,  4.00000000e-01,         7.32242607e-02,  2.77555756e-17],       [ 5.06299201e+01,  5.01790082e+01, -3.26748552e-01,        -2.54604000e-01,  4.16592521e+01,  4.00000000e-01,         7.40565809e-02,  9.57804175e-03],       [ 5.06480900e+01,  5.01522351e+01, -3.49008398e-01,        -2.45117042e-01,  4.22706492e+01,  4.00000000e-01,         5.45938748e-02,  2.74572098e-02],       [ 5.05208877e+01,  5.03248878e+01, -6.11059443e-01,        -8.13909726e-01,  4.34241982e+01,  3.03022606e-01,         2.35029285e-01,  2.33486562e-01],       [ 5.06450304e+01,  5.01859578e+01, -4.16884894e-01,        -3.27948186e-01,  4.00000000e+01,  4.00000000e-01,         5.26683697e-02,  2.77555756e-17],       [ 5.05115586e+01,  5.01653748e+01, -1.00000000e+00,        -3.68397020e-01,  4.10693331e+01,  3.86288012e-01,         0.00000000e+00,  2.77555756e-17],       [ 5.05950676e+01,  5.01780665e+01, -3.19259487e-01,        -1.09801925e-01,  4.39437150e+01,  3.73547886e-01,         7.96830698e-02,  1.18705948e-01],       [ 5.05802263e+01,  5.01096177e+01, -8.57961994e-02,         4.06348997e-01,  4.75936447e+01,  3.38599341e-01,         1.03709581e-01,  2.90061916e-01],       [ 5.06153488e+01,  5.01980617e+01, -3.63369851e-01,        -3.17814971e-01,  4.14585661e+01,  4.00000000e-01,         7.20345566e-02,  2.77555756e-17],       [ 5.06053075e+01,  5.01779090e+01, -7.18068442e-01,        -4.33401743e-01,  4.16669184e+01,  3.98056192e-01,         3.89568455e-02,  2.77555756e-17],       [ 5.05794270e+01,  5.01526793e+01, -1.13424006e-01,        -1.76991169e-03,  4.42116940e+01,  3.65779738e-01,         6.67499162e-02,  1.14728691e-01],       [ 5.05562530e+01,  5.03400450e+01,  1.19810267e-01,         8.38313563e-01,  4.83657211e+01,  3.43014663e-01,         8.10054914e-02,  1.52942652e-01],       [ 5.06500000e+01,  5.01402344e+01, -4.86779678e-01,        -5.23101450e-01,  4.11487825e+01,  4.00000000e-01,         7.11423178e-02,  2.77555756e-17],       [ 5.06376227e+01,  5.01483400e+01, -3.95846387e-01,        -3.21472114e-01,  4.13795957e+01,  3.98517521e-01,         9.25646465e-02,  2.77555756e-17],       [ 5.06276041e+01,  5.01764574e+01, -4.19701287e-01,        -4.30407250e-01,  4.08712690e+01,  4.00000000e-01,         6.39012618e-02,  2.77555756e-17],       [ 5.06392408e+01,  5.01738579e+01, -3.97195305e-01,         6.71576617e-01,  4.60061123e+01,  3.62953070e-01,         6.29327550e-02,  7.69572754e-02],       [ 5.04747881e+01,  5.03165129e+01, -9.19630697e-01,        -1.74887176e-01,  4.65217805e+01,  4.00000000e-01,         1.59260653e-01,  2.77555756e-17],       [ 5.05758162e+01,  5.01874703e+01, -3.35532339e-01,        -2.97076776e-01,  4.20626742e+01,  3.93652411e-01,         6.20986017e-02,  2.77555756e-17],       [ 5.06276201e+01,  5.01780795e+01, -4.07720194e-01,        -4.21569273e-01,  4.09187793e+01,  4.00000000e-01,         6.65856478e-02,  2.77555756e-17],       [ 5.05799703e+01,  5.05331506e+01, -5.22254281e-01,        -1.10956847e+00,  4.36216420e+01,  3.03667341e-01,         3.21584943e-02,  9.66060436e-02],       [ 5.05786506e+01,  5.02385952e+01, -6.27178598e-01,        -2.19738651e-01,  4.50539055e+01,  3.72373869e-01,         1.67981832e-01,  9.70294033e-02],       [ 5.06407694e+01,  5.01714775e+01, -3.98194531e-01,        -4.07780894e-01,  4.13682794e+01,  4.00000000e-01,         8.28671736e-02,  2.77555756e-17],       [ 5.06157342e+01,  5.01505577e+01, -3.03886898e-01,         1.04739425e-02,  4.30802824e+01,  3.82760762e-01,         5.78030183e-03,  4.86246350e-02],       [ 5.04801261e+01,  5.05085688e+01, -9.37026251e-01,        -7.65652049e-01,  4.13875935e+01,  3.44399579e-01,         2.38704761e-01,  8.37821423e-02],       [ 5.06500000e+01,  5.01872263e+01, -2.35167802e-02,         1.49057686e-02,  4.34516817e+01,  3.97892747e-01,         3.82637263e-02,  7.61616361e-02],       [ 5.05950144e+01,  5.01803811e+01, -1.86312822e-01,        -2.70307283e-01,  4.12868531e+01,  3.97154488e-01,         7.78001078e-02,  2.77555756e-17],       [ 5.06185311e+01,  5.01445225e+01, -2.36422403e-01,        -3.07048690e-02,  4.37379565e+01,  3.71717631e-01,         6.06528771e-02,  7.62453411e-02],       [ 5.06313449e+01,  5.01643555e+01,  3.91528323e-01,        -2.44889704e-01,  4.70014776e+01,  3.33186099e-01,         1.57204015e-01,  5.65400878e-02],       [ 5.06043700e+01,  5.02075871e+01,  2.29455350e-01,        -7.61034270e-01,  4.00000000e+01,  4.00000000e-01,         0.00000000e+00,  2.77555756e-17],       [ 5.06108451e+01,  5.01872985e+01, -4.99866028e-01,        -2.38002388e-01,  4.16726272e+01,  3.98789151e-01,         7.35805145e-02,  2.77555756e-17],       [ 5.06229184e+01,  5.01930307e+01, -3.75750273e-01,        -3.63978325e-01,  4.15530560e+01,  4.00000000e-01,         9.49107410e-02,  2.77555756e-17],       [ 5.05345779e+01,  5.03506023e+01, -3.07205456e-02,        -4.22570211e-01,  4.79905565e+01,  3.51958963e-01,         3.54938036e-01,  1.42223368e-01],       [ 5.06459420e+01,  5.01359794e+01, -3.74857614e-01,        -4.61978464e-01,  4.08701657e+01,  4.00000000e-01,         7.48336778e-03,  6.93365971e-03],       [ 5.06278932e+01,  5.01757288e+01, -2.56887571e-01,        -4.32771353e-01,  4.13396311e+01,  4.00000000e-01,         6.87003229e-02,  2.77555756e-17],       [ 5.06242363e+01,  5.01809378e+01, -4.01995763e-01,        -3.72265098e-01,  4.11909152e+01,  4.00000000e-01,         6.12632047e-02,  2.77555756e-17],       [ 5.05523041e+01,  5.01987586e+01, -5.99049046e-01,        -9.14901496e-01,  4.86410854e+01,  3.06835940e-01,         2.36053002e-01,  1.13000729e-01],       [ 5.06280571e+01,  5.01684896e+01, -2.21677205e-01,        -3.63310739e-01,  4.03256045e+01,  4.00000000e-01,         6.73330733e-02,  8.06245647e-03],       [ 5.06463616e+01,  5.01000000e+01, -5.45176672e-01,        -8.94177150e-01,  4.00000000e+01,  3.74454172e-01,         2.74138049e-01,  2.77555756e-17],       [ 5.05844746e+01,  5.01780524e+01, -1.74069326e-01,        -1.40160802e-01,  4.44353661e+01,  3.69838356e-01,         8.91472175e-02,  1.25015571e-01],       [ 5.05063984e+01,  5.03525873e+01,  7.25494173e-02,         6.86448876e-01,  4.41528889e+01,  3.08691249e-01,         2.62478439e-01,  2.22979612e-01],       [ 5.06449351e+01,  5.01878334e+01, -4.83080630e-01,        -3.24637568e-01,  4.19904572e+01,  4.00000000e-01,         6.22804328e-02,  2.77555756e-17],       [ 5.06162888e+01,  5.01764743e+01, -3.57465380e-01,        -3.10679039e-01,  4.15564060e+01,  3.98027978e-01,         8.01185440e-02,  2.77555756e-17],       [ 5.06338480e+01,  5.01696574e+01, -3.90629104e-01,        -2.76280452e-01,  4.17428555e+01,  4.00000000e-01,         6.76937725e-02,  8.33582777e-04],       [ 5.06078803e+01,  5.04417903e+01, -5.74347779e-01,        -4.29396281e-01,  4.26525930e+01,  2.95860719e-01,         3.11201739e-01,  2.33589300e-01],       [ 5.05994664e+01,  5.02082133e+01, -2.41271678e-01,        -2.19251293e-01,  4.24243762e+01,  3.75054927e-01,         7.85070451e-02,  2.77555756e-17],       [ 5.05714142e+01,  5.01459872e+01, -2.63523442e-01,        -2.09397369e-01,  4.19853529e+01,  3.84848476e-01,         1.01568874e-01,  2.77555756e-17],       [ 5.06500000e+01,  5.01656091e+01, -2.50612762e-01,        -5.06147027e-01,  4.07455499e+01,  4.00000000e-01,         1.37130637e-01,  2.77555756e-17],       [ 5.05361173e+01,  5.01350320e+01,  1.24859718e-01,         7.35542087e-01,  4.26638689e+01,  2.98659527e-01,         2.91843529e-01,  2.10908152e-01],       [ 5.05836825e+01,  5.01931630e+01, -2.84350139e-01,        -1.63823888e-01,  4.27597442e+01,  3.80146903e-01,         8.57351812e-02,  2.77555756e-17],       [ 5.06087397e+01,  5.01706901e+01, -3.50543399e-01,        -2.64059429e-01,  4.16284003e+01,  3.95388322e-01,         8.74227992e-02,  2.77555756e-17],       [ 5.06323455e+01,  5.01700604e+01, -3.97867142e-01,        -3.26717532e-01,  4.16953664e+01,  4.00000000e-01,         9.83513170e-02,  2.77555756e-17],       [ 5.05482071e+01,  5.03229938e+01, -8.47873454e-01,        -4.43867915e-01,  4.48878405e+01,  3.14403746e-01,         3.03293060e-01,  6.93211475e-02],       [ 5.06201771e+01,  5.01845411e+01, -3.20901555e-01,        -2.39014211e-01,  4.12918498e+01,  3.93217755e-01,         7.54912660e-02,  2.77555756e-17],       [ 5.06500000e+01,  5.03306429e+01, -5.78517878e-01,        -1.36909872e+00,  4.12893374e+01,  3.47635395e-01,         0.00000000e+00,  2.77555756e-17],       [ 5.06500000e+01,  5.01367849e+01, -6.15739593e-01,        -4.60247781e-01,  4.12807596e+01,  4.00000000e-01,         7.22194431e-02,  2.77555756e-17],       [ 5.05273022e+01,  5.01100318e+01,  8.45681197e-02,        -1.03517783e+00,  4.42159346e+01,  3.87223019e-01,         2.61844803e-01,  5.50247274e-02],       [ 5.06108276e+01,  5.01649063e+01, -3.49546870e-01,        -3.33093691e-01,  4.15849334e+01,  4.00000000e-01,         8.63073709e-02,  2.77555756e-17],       [ 5.06307440e+01,  5.01863719e+01, -4.10617387e-01,        -2.19488289e-01,  4.08695366e+01,  3.87556561e-01,         6.93523650e-02,  2.77555756e-17],       [ 5.06364127e+01,  5.01847673e+01, -2.88288672e-01,        -2.35267455e-01,  4.21866593e+01,  4.00000000e-01,         1.25445294e-01,  2.77555756e-17],       [ 5.03577172e+01,  5.03276050e+01, -8.72373903e-01,        -7.98067300e-01,  4.64058375e+01,  3.28764371e-01,         2.75170759e-01,  9.12886223e-02],       [ 5.04992885e+01,  5.01000000e+01,  6.50453130e-01,        -1.08279908e+00,  4.58131418e+01,  4.00000000e-01,         2.85359605e-01,  2.77555756e-17],       [ 5.05974366e+01,  5.01506687e+01, -2.80936844e-01,        -4.93895674e-01,  4.20834646e+01,  4.00000000e-01,         9.07170936e-02,  2.77555756e-17],       [ 5.04358276e+01,  5.01305266e+01,  4.90239759e-01,        -1.13606271e+00,  4.53773724e+01,  4.00000000e-01,         2.86307371e-01,  2.77555756e-17],       [ 5.04763992e+01,  5.03294727e+01, -5.13680698e-01,        -4.94596328e-01,  4.25349387e+01,  3.83147177e-01,         1.05636209e-01,  5.03781085e-02],       [ 5.06500000e+01,  5.01882894e+01, -1.89443645e-03,        -5.36759940e-01,  4.38408698e+01,  4.00000000e-01,         2.82673273e-01,  2.77555756e-17],       [ 5.06104322e+01,  5.01590542e+01, -3.51876447e-01,        -3.49471960e-01,  4.13919828e+01,  4.00000000e-01,         9.13304771e-02,  2.77555756e-17],       [ 5.06500000e+01,  5.02392495e+01, -1.41308063e-01,        -1.15272787e-01,  4.46898167e+01,  4.00000000e-01,         2.86307371e-01,  2.77555756e-17],       [ 5.05435782e+01,  5.01596845e+01,  6.52585833e-01,        -1.12779658e+00,  4.91802674e+01,  3.58645978e-01,         3.20589279e-01,  7.01575579e-02],       [ 5.03013992e+01,  5.04237279e+01, -2.56364092e-01,        -5.18636316e-01,  4.00000000e+01,  4.00000000e-01,         4.67121899e-02,  2.77555756e-17],       [ 5.03013992e+01,  5.04860135e+01, -6.53005287e-01,        -1.10793297e+00,  4.35930748e+01,  4.00000000e-01,         1.14982015e-01,  2.77555756e-17],       [ 5.03013992e+01,  5.06007422e+01, -3.82378880e-01,        -9.73432063e-01,  4.06199864e+01,  4.00000000e-01,         3.21604084e-02,  2.77555756e-17],       [ 5.05738406e+01,  5.02411723e+01,  1.06480954e-01,        -1.19872009e+00,  4.23844410e+01,  3.98201032e-01,         9.31023742e-02,  1.18825595e-03],       [ 5.04790928e+01,  5.03553720e+01, -5.64785671e-01,        -5.75054330e-01,  4.06492792e+01,  4.00000000e-01,         1.01367339e-01,  2.77555756e-17],       [ 5.06419238e+01,  5.02116228e+01, -1.82794729e-02,        -2.16449190e-01,  4.35193869e+01,  3.99432727e-01,         1.75460624e-01,  2.77555756e-17],       [ 5.04834048e+01,  5.03545793e+01, -7.22830265e-01,        -5.70096716e-01,  4.19546852e+01,  4.00000000e-01,         1.02362984e-01,  2.77555756e-17],       [ 5.04317596e+01,  5.02354907e+01, -1.64093637e-01,        -1.39208671e+00,  4.65020094e+01,  3.47407680e-01,         2.42481319e-01,  8.47301005e-02],       [ 5.04625821e+01,  5.03033823e+01, -3.11132518e-01,        -3.75226425e-01,  4.22988123e+01,  3.71112855e-01,         1.06726115e-01,  6.01533354e-02],       [ 5.04255316e+01,  5.03526456e+01, -3.78529944e-01,        -6.16891553e-01,  4.41229065e+01,  3.65420239e-01,         1.29506838e-01,  2.77555756e-17],       [ 5.04888879e+01,  5.03025731e+01, -3.56063164e-01,        -5.86668173e-01,  4.23412200e+01,  3.81240646e-01,         1.07214085e-01,  5.77511752e-03],       [ 5.06418799e+01,  5.01578322e+01,  9.17169772e-01,        -7.25655970e-01,  4.87645124e+01,  3.41985284e-01,         8.58901507e-02,  1.69092803e-02],       [ 5.05681584e+01,  5.01404557e+01, -3.05053858e-01,        -4.65236790e-01,  4.29061824e+01,  4.00000000e-01,         1.05773834e-01,  2.77555756e-17],       [ 5.04949102e+01,  5.03220759e+01, -4.86341715e-01,        -5.20388725e-01,  4.27568648e+01,  3.85644442e-01,         1.06483966e-01,  4.73778110e-02],       [ 5.06412659e+01,  5.01930991e+01, -4.25467152e-01,        -2.04384193e-01,  4.29315753e+01,  4.00000000e-01,         1.69656459e-01,  1.14210535e-02],       [ 5.04390627e+01,  5.01974155e+01,  9.33801586e-01,        -4.79420565e-01,  4.53228271e+01,  3.85667738e-01,         3.34712977e-01,  1.66021684e-01],       [ 5.04749998e+01,  5.03185706e+01, -5.69597322e-01,        -4.47405772e-01,  4.31299699e+01,  3.83578232e-01,         1.00844144e-01,  1.07575311e-01],       [ 5.05604392e+01,  5.03386665e+01,  4.86319302e-01,        -1.26197063e+00,  4.71549382e+01,  4.00000000e-01,         2.23054186e-01,  2.77555756e-17],       [ 5.04623884e+01,  5.03335301e+01, -5.17495141e-01,        -4.55209739e-01,  4.24420141e+01,  3.78363642e-01,         9.82012241e-02,  4.74883412e-02]])
all_costs=array([-0.00000000e+00, -0.00000000e+00, -0.00000000e+00, -0.00000000e+00,       -0.00000000e+00, -0.00000000e+00, -0.00000000e+00, -0.00000000e+00,       -0.00000000e+00, -0.00000000e+00, -0.00000000e+00, -0.00000000e+00,       -0.00000000e+00, -0.00000000e+00, -0.00000000e+00, -0.00000000e+00,       -0.00000000e+00, -0.00000000e+00, -0.00000000e+00, -0.00000000e+00,       -0.00000000e+00, -0.00000000e+00, -6.89423779e-02, -0.00000000e+00,       -0.00000000e+00, -0.00000000e+00, -0.00000000e+00, -0.00000000e+00,       -0.00000000e+00, -0.00000000e+00, -0.00000000e+00, -0.00000000e+00,       -1.64701079e+01, -0.00000000e+00, -0.00000000e+00, -0.00000000e+00,       -0.00000000e+00, -0.00000000e+00, -0.00000000e+00, -0.00000000e+00,       -0.00000000e+00, -0.00000000e+00, -0.00000000e+00, -0.00000000e+00,       -0.00000000e+00, -0.00000000e+00, -0.00000000e+00, -0.00000000e+00,       -0.00000000e+00, -0.00000000e+00, -0.00000000e+00, -0.00000000e+00,       -0.00000000e+00, -0.00000000e+00, -0.00000000e+00, -0.00000000e+00,       -0.00000000e+00, -0.00000000e+00, -0.00000000e+00, -0.00000000e+00,       -0.00000000e+00, -0.00000000e+00, -0.00000000e+00, -0.00000000e+00,       -0.00000000e+00, -0.00000000e+00, -1.99691863e+01, -0.00000000e+00,       -0.00000000e+00, -0.00000000e+00, -0.00000000e+00, -0.00000000e+00,       -0.00000000e+00, -0.00000000e+00, -0.00000000e+00, -0.00000000e+00,       -0.00000000e+00, -0.00000000e+00, -0.00000000e+00, -0.00000000e+00,       -0.00000000e+00, -0.00000000e+00, -0.00000000e+00, -0.00000000e+00,       -0.00000000e+00, -0.00000000e+00, -0.00000000e+00, -0.00000000e+00,       -0.00000000e+00, -0.00000000e+00, -0.00000000e+00, -0.00000000e+00,       -0.00000000e+00, -0.00000000e+00, -0.00000000e+00, -0.00000000e+00,       -0.00000000e+00, -0.00000000e+00, -0.00000000e+00, -0.00000000e+00,       -0.00000000e+00, -0.00000000e+00, -0.00000000e+00, -0.00000000e+00,       -0.00000000e+00, -0.00000000e+00, -0.00000000e+00, -0.00000000e+00,       -0.00000000e+00, -0.00000000e+00, -0.00000000e+00, -0.00000000e+00,       -0.00000000e+00, -0.00000000e+00, -0.00000000e+00, -0.00000000e+00,       -0.00000000e+00, -0.00000000e+00, -0.00000000e+00, -0.00000000e+00,       -0.00000000e+00, -5.03264412e+02, -0.00000000e+00, -0.00000000e+00,       -0.00000000e+00, -0.00000000e+00, -0.00000000e+00, -0.00000000e+00,       -2.41919738e-01, -0.00000000e+00, -0.00000000e+00, -0.00000000e+00,       -0.00000000e+00, -0.00000000e+00, -0.00000000e+00, -3.45219777e+03,       -8.78593401e+03, -4.20134214e+03, -8.66739164e+03, -3.21686709e+03,       -1.65358300e+03, -5.65269139e+03, -2.17120294e+03, -1.00867119e+04,       -2.74525475e+03, -7.39360285e+03, -5.36546742e+03, -3.44910367e+03,       -1.84240495e+01, -0.00000000e+00, -0.00000000e+00, -0.00000000e+00,       -0.00000000e+00, -0.00000000e+00, -0.00000000e+00, -0.00000000e+00,       -0.00000000e+00, -0.00000000e+00, -0.00000000e+00, -0.00000000e+00,       -0.00000000e+00, -0.00000000e+00, -0.00000000e+00, -0.00000000e+00,       -0.00000000e+00, -0.00000000e+00, -0.00000000e+00])
all_uncers=array([1.e-08, 1.e-08, 1.e-08, 1.e-08, 1.e-08, 1.e-08, 1.e-08, 1.e-08,       1.e-08, 1.e-08, 1.e-08, 1.e-08, 1.e-08, 1.e-08, 1.e-08, 1.e-08,       1.e-08, 1.e-08, 1.e-08, 1.e-08, 1.e-08, 1.e-08, 1.e-08, 1.e-08,       1.e-08, 1.e-08, 1.e-08, 1.e-08, 1.e-08, 1.e-08, 1.e-08, 1.e-08,       1.e-08, 1.e-08, 1.e-08, 1.e-08, 1.e-08, 1.e-08, 1.e-08, 1.e-08,       1.e-08, 1.e-08, 1.e-08, 1.e-08, 1.e-08, 1.e-08, 1.e-08, 1.e-08,       1.e-08, 1.e-08, 1.e-08, 1.e-08, 1.e-08, 1.e-08, 1.e-08, 1.e-08,       1.e-08, 1.e-08, 1.e-08, 1.e-08, 1.e-08, 1.e-08, 1.e-08, 1.e-08,       1.e-08, 1.e-08, 1.e-08, 1.e-08, 1.e-08, 1.e-08, 1.e-08, 1.e-08,       1.e-08, 1.e-08, 1.e-08, 1.e-08, 1.e-08, 1.e-08, 1.e-08, 1.e-08,       1.e-08, 1.e-08, 1.e-08, 1.e-08, 1.e-08, 1.e-08, 1.e-08, 1.e-08,       1.e-08, 1.e-08, 1.e-08, 1.e-08, 1.e-08, 1.e-08, 1.e-08, 1.e-08,       1.e-08, 1.e-08, 1.e-08, 1.e-08, 1.e-08, 1.e-08, 1.e-08, 1.e-08,       1.e-08, 1.e-08, 1.e-08, 1.e-08, 1.e-08, 1.e-08, 1.e-08, 1.e-08,       1.e-08, 1.e-08, 1.e-08, 1.e-08, 1.e-08, 1.e-08, 1.e-08, 1.e-08,       1.e-08, 1.e-08, 1.e-08, 1.e-08, 1.e-08, 1.e-08, 1.e-08, 1.e-08,       1.e-08, 1.e-08, 1.e-08, 1.e-08, 1.e-08, 1.e-08, 1.e-08, 1.e-08,       1.e-08, 1.e-08, 1.e-08, 1.e-08, 1.e-08, 1.e-08, 1.e-08, 1.e-08,       1.e-08, 1.e-08, 1.e-08, 1.e-08, 1.e-08, 1.e-08, 1.e-08, 1.e-08,       1.e-08, 1.e-08, 1.e-08, 1.e-08, 1.e-08, 1.e-08, 1.e-08, 1.e-08,       1.e-08, 1.e-08, 1.e-08, 1.e-08, 1.e-08, 1.e-08, 1.e-08])
bad_run_indexs=[]
best_cost=-10086.711940125166
best_params=array([ 5.04763992e+01,  5.03294727e+01, -5.13680698e-01, -4.94596328e-01,        4.25349387e+01,  3.83147177e-01,  1.05636209e-01,  5.03781085e-02])
best_index=143
worst_cost=-0.0
worst_index=0
cost_range=10086.711940125166
costs_count=167
params_count=102
cost_scaler_init_index=36
net_0={'last_hyperfit': 0, 'last_net_reg': 1e-08, 'regularization_history': [1e-08], 'losses_list': [1.1675346, 0.1758346, 0.0052074725, 0.0005325573, 0.00022497698, 1.657182e-05, 3.4613175e-05, 9.362906e-06, 3.6812257e-06, 9.2339604e-07, 6.974384e-07, 5.5383816e-07, 6.2518313e-07, 4.1940752e-06, 4.7689673e-06, 0.00022409645, 0.0012198586, 0.0086856, 0.0084598595, 0.0022828085, 0.8367791, 0.40169764, 0.03510578, 0.01837301, 0.0052737296, 0.0002661361, 4.573011e-05, 2.0376756e-05, 8.913079e-06, 1.7399932e-06, 7.0436175e-07, 6.286015e-07, 1.2706375, 0.51323915, 0.29217136, 0.077968836, 0.019680345, 0.011477905, 0.00030324957, 0.00018498607, 6.291907e-06, 1.4702381e-06, 1.3961112e-06, 5.5361454e-07, 1.8690232, 0.44291037, 0.16113661, 0.24313392, 0.011572489, 0.0076558595, 0.0017010435, 0.00040450026, 0.000149531, 7.121589e-05, 1.8954903e-05, 8.950729e-06, 3.450015e-06, 1.8144599e-06, 8.8706224e-07, 6.136171e-07, 6.026721e-07, 5.890554e-07, 0.38671595, 0.14359602, 0.0277183, 0.0054542073, 0.004029984, 0.001330852, 0.0011882413, 0.0010835142, 0.0004320945, 1.7110182e-05, 7.978442e-06, 9.4084435e-06, 0.6745926, 0.2579482, 0.2894126, 0.15268926, 0.054034777, 0.04230275, 0.012057493, 0.007507881, 0.003974183, 0.0026785322, 0.0017774386, 0.0011407703, 0.00070357876, 0.00049679703, 0.00032247783, 0.00021004467, 0.00017017609, 9.971859e-05, 6.8417554e-05, 6.541858e-05, 0.51194334, 0.4612981, 0.18920763, 0.01892412, 0.004576788, 0.00043595533, 2.0690577e-05, 8.448118e-06, 4.7967374e-06, 2.1603732e-06, 1.3122939e-06, 9.27862e-07, 7.734718e-07, 6.584547e-07, 6.1946736e-07, 6.00098e-07, 0.45039526, 0.13758811, 0.1862966, 0.03824676, 0.00089604466, 7.397376e-05, 2.7775086e-05, 1.3927859e-05, 7.63378e-06, 4.5785805e-06, 3.0189626e-06, 1.9813333e-06, 1.4506493e-06, 1.1322577e-06, 9.3538705e-07, 8.1160897e-07, 7.35346e-07, 6.8605635e-07, 0.9673384, 0.28900638, 0.101190194, 0.4308332, 0.034028113, 0.0034145468, 0.0022603828, 0.00043896842, 2.6292797e-05, 0.0053837243, 0.5054377, 0.120597236, 0.001870256, 0.00021116184, 0.58748674, 0.40745977, 0.34329346, 0.29270408, 0.21578443, 0.42558104, 0.22343138, 0.064413704, 0.41548848, 0.011731636, 0.00036219103, 1.6626229e-05, 1.6821007e-06, 7.5837393e-06, 7.3780063e-07, 6.929244e-07, 0.71760464, 0.076166764, 0.012584549, 0.0001299982, 9.9401026e-05, 1.2631119e-05, 1.7536155e-05, 4.3250743e-06, 0.6794192, 0.44670424, 0.5540908, 0.54728013, 0.3244514, 0.27305716, 0.19754179, 0.11122351, 0.11231141, 0.022189368, 0.09518755, 0.031601153, 0.0013120606, 0.0002505462, 1.535423e-05, 5.799971e-06, 3.5020385e-06, 2.4564683e-06, 1.6788108e-06, 1.3192138e-06, 1.1050344e-06, 9.627306e-07, 8.7783224e-07, 8.357814e-07, 0.81254065, 0.13639636, 0.37358308, 0.1799876, 0.019599648, 0.00079001155, 5.4863627e-05, 2.7751716e-05, 2.0032485e-05, 1.4123805e-05, 1.0545261e-05, 7.691036e-06, 5.749704e-06, 4.4795843e-06, 3.1516824e-06, 2.4141661e-06, 1.9033067e-06, 1.5114352e-06, 1.432315e-06, 1.2023113e-06, 9.963164e-07, 1.00475e-06, 0.5932775, 0.33387053, 0.20532891, 0.051344, 0.019109607, 0.00010717571, 1.6462343e-05, 6.3725906e-06, 3.5493601e-06, 2.1764895e-06, 1.5171872e-06, 1.1461527e-06, 9.4825646e-07, 8.422703e-07, 0.72714263, 0.021259954, 0.2652053, 0.8247764, 0.691088, 1.2081022, 0.65018713, 0.52123874, 0.5193351, 0.31701636, 0.30754912, 0.21740788, 0.6066738, 0.2565813, 0.14633529, 0.09238119, 1.227461, 0.40169686, 0.32785589, 0.2537822, 0.2687094, 0.12057425, 0.07128248, 0.14634785, 0.3483902, 0.06392791, 0.025746306, 0.0076506473, 0.00128099, 0.0011648659, 0.00016838803, 0.00010794745, 9.367977e-05, 6.203673e-05, 0.2664679, 0.3782457, 0.25016484, 0.67822045, 0.18017803, 0.043516316, 0.0061102435, 0.0012893523, 0.00024340178, 4.363149e-05, 1.1718355e-05, 7.956243e-06, 3.121147e-06, 2.2590962e-06, 1.7997208e-06, 1.6329442e-06, 276.92587, 268.13693, 251.68768, 243.84381, 235.75981, 254.68643, 224.65544, 226.79149, 103182.41, 88024.72, 76816.65, 67410.98, 59706.734, 47028.656, 41896.848, 31112.688, 153680.0, 101093.51, 83578.96, 71364.27, 61540.21, 47300.26, 45449.152, 30067.342, 22811.459, 19289.17, 10910.526, 6816.5186, 4377.272, 1387.1815, 2170.9941, 667.2586, 126471.98, 86682.96, 56983.477, 29611.664, 13959.757, 5810.7686, 2716.7546, 1882.0092, 168558.92, 34465.12, 12420.633, 5326.14, 4443.8545, 1627.8586, 1056.4604, 705.9757, 605.33044, 444.75723, 136497.6, 97600.32, 49428.19, 45863.027, 75085.1, 55116.33, 48807.492, 42891.46, 37476.242, 30387.34, 90910.16, 44033.44, 64434.75, 32961.957, 71557.64, 52923.527, 47662.71, 47615.383, 40716.55, 39842.74], 'scaler_samples': (array([[ 5.04000000e+01,  5.01200000e+01, -1.20000000e-01,         1.60000000e-01,  4.70000000e+01,  3.00000000e-01,         1.20000000e-01,  3.00000000e-01],       [ 5.05428204e+01,  5.03464437e+01,  5.15622252e-01,         8.39356919e-01,  4.88215762e+01,  3.06856053e-01,         1.00616448e-03,  2.90574254e-01],       [ 5.05403793e+01,  5.03688673e+01, -7.61999801e-01,         2.48268832e-01,  4.49945984e+01,  2.84754093e-01,         1.51258022e-01,  3.29474405e-01],       [ 5.03516356e+01,  5.01696568e+01, -6.70002783e-01,         6.08403661e-01,  4.50127571e+01,  2.93226316e-01,         3.35987248e-02,  1.52072998e-01],       [ 5.03523236e+01,  5.01497916e+01,  8.48712449e-01,         7.09882496e-01,  4.25320516e+01,  3.52955174e-01,         2.29473700e-01,  3.77601586e-01],       [ 5.03342637e+01,  5.03199592e+01,  6.46276149e-01,         3.98751757e-01,  4.26398158e+01,  3.54962500e-01,         2.20771465e-01,  3.74680168e-01],       [ 5.05022543e+01,  5.02911435e+01, -1.59990227e-01,         2.84306309e-01,  4.98384844e+01,  3.23782740e-01,         6.43109800e-02,  1.10924561e-01],       [ 5.03016351e+01,  5.02540512e+01, -7.45932236e-01,        -4.73844336e-01,  4.37865383e+01,  3.26121167e-01,         2.39740920e-01,  1.50243692e-01],       [ 5.04038799e+01,  5.03080369e+01, -3.69034040e-02,         5.77234625e-01,  4.85538007e+01,  3.58302645e-01,         4.47375311e-02,  2.50411736e-01],       [ 5.03569528e+01,  5.02474661e+01, -2.63455286e-01,         6.78541459e-01,  4.89623840e+01,  3.04387744e-01,         1.92236470e-01,  3.24564952e-01],       [ 5.04489638e+01,  5.02131865e+01, -9.50145975e-01,         6.08002877e-01,  4.47269238e+01,  3.28854694e-01,         2.91852890e-01,  2.22360796e-01],       [ 5.03820556e+01,  5.01557054e+01,  2.51830137e-01,        -5.22688363e-01,  4.27271167e+01,  3.55166576e-01,         2.77334183e-01,  2.73024060e-01],       [ 5.03196005e+01,  5.03299856e+01, -3.44581132e-01,        -5.68151185e-01,  4.86006495e+01,  3.19979841e-01,         1.74309890e-01,  3.34492398e-01],       [ 5.04260218e+01,  5.02423494e+01, -3.92761804e-01,        -9.47838755e-01,  4.99432808e+01,  3.53438064e-01,         5.65025687e-02,  3.31641684e-01],       [ 5.04953784e+01,  5.02039104e+01,  5.85099604e-01,        -2.57856162e-01,  4.90051783e+01,  3.12308071e-01,         3.03527657e-01,  3.25302619e-01],       [ 5.05142082e+01,  5.01125828e+01,  3.51426096e-01,         1.38667386e-01,  4.27706201e+01,  3.53689915e-01,         1.40584058e-02,  2.42497816e-01],       [ 5.04766716e+01,  5.03647381e+01, -4.07810758e-01,         2.17171789e-01,  4.48899735e+01,  3.24603296e-01,         1.72890451e-01,  1.62129854e-01],       [ 5.04052591e+01,  5.02776668e+01,  4.45996826e-01,        -5.26925539e-01,  4.66951517e+01,  2.90718265e-01,         2.80054733e-01,  2.00148032e-01],       [ 5.04199117e+01,  5.03860128e+01,  3.58993997e-01,        -9.13848048e-01,  4.91330163e+01,  3.27965252e-01,         4.18873335e-02,  1.62871323e-01],       [ 5.04158485e+01,  5.02576048e+01, -8.16082367e-01,        -1.90632297e-01,  4.46322649e+01,  2.82351333e-01,         1.42713891e-01,  1.92354023e-01],       [ 5.03635351e+01,  5.03183051e+01,  1.50581764e-01,         9.53800452e-02,  4.48153454e+01,  2.81430615e-01,         2.78664474e-01,  2.28059597e-01],       [ 5.04180924e+01,  5.01687204e+01, -3.68859883e-01,         7.63775390e-01,  4.51543031e+01,  3.54605592e-01,         5.90323403e-02,  1.55902307e-01],       [ 5.04802231e+01,  5.01058229e+01, -4.93503141e-01,         7.02553717e-02,  4.54200537e+01,  3.42094012e-01,         4.14252008e-02,  2.94204012e-01],       [ 5.05397958e+01,  5.01169939e+01,  1.24804577e-01,         7.00004762e-01,  4.70176564e+01,  3.88481231e-01,         4.17485534e-02,  1.61011544e-01],       [ 5.06143747e+01,  5.02197613e+01, -3.09189516e-01,        -9.49796032e-01,  4.72025871e+01,  3.76242708e-01,         1.67574601e-01,  2.31945090e-01],       [ 5.05080261e+01,  5.01848697e+01, -3.56655373e-01,        -5.65276666e-01,  4.12211140e+01,  2.87712282e-01,         2.22139041e-01,  1.25644505e-01],       [ 5.03618104e+01,  5.02182454e+01, -6.27303289e-01,         2.47690682e-01,  4.51335374e+01,  3.73290308e-01,         1.65382015e-01,  3.33185948e-01],       [ 5.03128380e+01,  5.01399126e+01,  2.48187497e-01,        -1.17921074e+00,  4.69368640e+01,  3.21759928e-01,         2.11394496e-01,  9.80659891e-02],       [ 5.06268475e+01,  5.01839861e+01, -7.37977713e-01,        -8.07406836e-01,  4.47477459e+01,  3.55063648e-01,         8.27556544e-03,  1.66064803e-01],       [ 5.03930926e+01,  5.02127855e+01,  2.70242476e-01,        -2.65202675e-01,  4.69162283e+01,  3.40380149e-01,         5.96207085e-02,  3.27938004e-01],       [ 5.03424710e+01,  5.01197499e+01, -8.51779499e-01,        -9.15836240e-01,  4.27227683e+01,  2.96425460e-01,         7.32561877e-02,  1.92356336e-01],       [ 5.03957172e+01,  5.03266329e+01, -8.42200075e-01,        -9.91533587e-01,  4.60418671e+01,  3.29654076e-01,         1.94540792e-01,  1.63802176e-01],       [ 5.05942428e+01,  5.01671641e+01, -2.39459442e-01,        -1.16101996e-01,  4.40323798e+01,  3.72479144e-01,         7.11597489e-02,  1.11456837e-01],       [ 5.04473824e+01,  5.01233389e+01,  5.56028770e-01,         4.81107202e-01,  4.36023055e+01,  3.28445079e-01,         4.24078418e-02,  2.10400297e-01],       [ 5.06496116e+01,  5.03607617e+01, -9.92781969e-01,        -8.85254865e-01,  4.45340255e+01,  3.88265229e-01,         9.63050063e-02,  2.80532132e-01],       [ 5.05994062e+01,  5.01682671e+01, -5.91113925e-01,        -1.03331228e+00,  4.09939770e+01,  3.39496843e-01,         2.25913723e-01,  1.70581185e-01]]), array([ -0.        ,  -0.        ,  -0.        ,  -0.        ,        -0.        ,  -0.        ,  -0.        ,  -0.        ,        -0.        ,  -0.        ,  -0.        ,  -0.        ,        -0.        ,  -0.        ,  -0.        ,  -0.        ,        -0.        ,  -0.        ,  -0.        ,  -0.        ,        -0.        ,  -0.        ,  -0.06894238,  -0.        ,        -0.        ,  -0.        ,  -0.        ,  -0.        ,        -0.        ,  -0.        ,  -0.        ,  -0.        ,       -16.47010792,  -0.        ,  -0.        ,  -0.        ])), 'net': {'saver_path': 'C:\\Users\\YbMinutes\\labscript-suite\\userlib\\labscriptlib\\ybclock\\analysis\\analysislib-mloop\\M-LOOP_archives\\neural_net_archive_2022-02-02_15-21_qJ_GggKZ.ckpt'}}
net_1={'last_hyperfit': 0, 'last_net_reg': 1e-08, 'regularization_history': [1e-08], 'losses_list': [1.7366343, 0.16558725, 0.0033336086, 0.00041973655, 3.3884047e-05, 3.6035224e-06, 9.140176e-07, 5.7412234e-07, 5.416473e-07, 5.3378085e-07, 5.326301e-07, 5.3253126e-07, 5.325175e-07, 5.3251483e-07, 5.325147e-07, 5.325147e-07, 5.3251466e-07, 5.3251466e-07, 5.3251466e-07, 5.3251455e-07, 0.7035227, 0.21304825, 0.032690186, 0.0010442081, 7.170314e-05, 6.0511225e-06, 8.725374e-07, 5.6067574e-07, 5.384243e-07, 5.367266e-07, 1.0887444, 0.38622665, 0.038840182, 0.00897259, 0.00030398398, 3.1128748e-05, 2.770901e-06, 6.8136393e-07, 5.49114e-07, 5.441838e-07, 0.91147345, 0.47239512, 0.19523345, 0.0064296513, 0.0010485183, 0.0002150606, 5.9697086e-05, 1.8770594e-05, 9.053266e-06, 5.65375e-06, 2.6605826e-06, 1.1717523e-06, 7.926556e-07, 6.568016e-07, 5.893673e-07, 5.676498e-07, 0.5683582, 0.46686158, 0.3543948, 0.09496098, 0.010181905, 0.00042004188, 9.3198054e-05, 3.3168097e-05, 0.5592468, 0.60373497, 0.54672515, 0.4835601, 0.36644754, 0.23416686, 0.10157309, 0.12648456, 0.08669459, 0.008239663, 0.0016741088, 0.0008790299, 0.8876709, 0.39193523, 0.2583657, 0.15839614, 0.0923037, 0.14914815, 0.4303969, 0.079412, 0.015093148, 0.003824865, 0.0011353283, 0.00061049935, 0.00025362114, 0.00013639714, 7.360931e-05, 4.6908317e-05, 2.143959e-05, 1.14765e-05, 6.41796e-06, 3.7674256e-06, 2.2396644e-06, 1.3982864e-06, 1.020443e-06, 8.3109114e-07, 7.140995e-07, 6.51944e-07, 1.9499522, 0.58116496, 0.42736748, 0.38101736, 1.0124475, 0.45493472, 0.36790204, 0.34774235, 0.20587388, 0.0889735, 0.023561455, 0.0030368117, 0.0024794089, 0.00074443984, 0.00022012247, 6.8041474e-05, 1.723123e-05, 1.2580557e-05, 1.2424039e-05, 0.00046857377, 0.98435247, 0.41953152, 0.23373118, 0.13163367, 0.22430387, 0.09009927, 0.0022160802, 0.00032853385, 0.00016809427, 9.9298675e-05, 5.7617486e-05, 2.7366896e-05, 1.3122357e-05, 6.712615e-06, 3.5659045e-06, 1.884899e-06, 1.200945e-06, 9.285135e-07, 9.994974e-07, 7.405067e-07, 6.957561e-07, 7.1535067e-07, 2.0673656, 0.73817194, 0.28625965, 0.083323054, 0.01739901, 0.028482487, 0.91224545, 0.8263068, 0.68199474, 0.8606772, 0.6908553, 0.4366386, 0.7024841, 0.23120089, 0.10791733, 0.048416674, 0.025002204, 0.08969953, 0.0072928714, 0.0012688255, 0.00059714494, 0.00027315572, 0.00016677362, 0.00048356326, 7.058931e-05, 3.6011075e-05, 6.365697e-05, 1.555425e-05, 0.5921855, 0.24513033, 1.1208209, 0.40224722, 0.07444814, 0.04330048, 0.007247872, 0.0021173377, 0.0005850112, 0.00019463235, 8.5434476e-05, 4.312021e-05, 2.2504242e-05, 1.2736464e-05, 1.278968e-05, 4.7675726e-06, 4.7331037e-06, 3.6161346e-06, 3.058396e-06, 1.4443747e-06, 1.8239896e-06, 1.3221562e-06, 8.9919627e-07, 9.359163e-07, 0.8066119, 0.32362983, 0.28757542, 0.02204254, 0.11042933, 0.004176581, 0.0014039896, 0.0010749159, 0.00025735993, 0.00082929176, 0.39198047, 0.6693995, 0.32648098, 0.20647387, 0.13229656, 0.15505983, 0.010837472, 0.0028254194, 0.0033668266, 0.006525892, 0.00032322452, 0.023504157, 0.42508745, 0.17877518, 0.15757535, 0.20627141, 0.8273893, 0.2768972, 0.1648731, 0.09542591, 0.051959127, 0.008778266, 0.020628477, 0.002930324, 0.0047181896, 0.00014765139, 6.148747e-05, 3.449824e-05, 1.9566809e-05, 1.812379e-05, 1.6364067e-05, 1.1919416e-05, 0.32243147, 0.2218921, 0.08695724, 0.002806303, 0.00027238773, 0.00010134809, 4.529743e-05, 2.1422271e-05, 1.1804425e-05, 7.716625e-06, 5.2130554e-06, 3.8953217e-06, 3.2747798e-06, 3.006002e-06, 2.570247e-06, 2.3579414e-06, 0.43278724, 0.3251644, 0.4737848, 0.39878348, 0.3223695, 0.29658648, 0.2519357, 0.22829312, 0.44114923, 0.32068688, 0.22033499, 0.11282438, 0.027360525, 0.0033829564, 0.0007520101, 0.00029490422, 259.68228, 247.10768, 223.76091, 196.4949, 146.06804, 98.41268, 44.875423, 6.7117, 1.1145002, 21.472425, 0.035834827, 0.011998475, 0.0068508135, 0.0036588034, 0.0020664649, 0.0014800202, 0.0012994063, 0.0008495347, 0.00060842995, 0.00079644105, 0.000525844, 0.0003011799, 0.00042279312, 0.00017535084, 0.00011343716, 0.00011878556, 179.104, 194.4808, 175.92917, 52.280613, 248.53987, 240.53262, 103834.74, 87762.875, 86543.79, 76839.04, 59028.812, 50490.516, 39372.71, 29289.814, 20014.127, 12924.989, 8381.112, 19983.887, 4704.1343, 2504.8984, 919.1707, 321.40512, 105019.63, 86372.24, 82070.266, 68286.91, 60325.39, 53067.496, 43823.477, 37156.25, 133736.28, 121894.734, 75153.9, 53483.855, 32027.361, 23055.785, 11108.958, 5880.7354, 3333.5981, 2125.8638, 1538.0868, 965.4613, 795.953, 559.33905, 394.51434, 288.36902, 236.36336, 199.5022, 98170.13, 43820.33, 21082.125, 6419.522, 1872.2777, 922.2195, 528.43787, 369.08893, 251.66559, 251.45773, 159.66895, 136.8114, 168636.92, 66193.35, 46063.504, 30706.422, 20164.568, 13331.377, 8208.673, 4175.401, 3519.7637, 1259.0198, 1017.8922, 414.92163, 273.52936, 450.1121, 143766.58, 16915.152, 5136.125, 2594.1133, 930.05206, 454.9009, 259.12668, 165.11298, 127.402664, 115.35863, 69.05763, 75.3145, 98118.56, 90981.77, 61616.688, 40472.16, 34450.97, 30895.0, 22792.758, 18711.424, 110849.91, 55496.684, 33243.63, 29224.05], 'scaler_samples': (array([[ 5.04000000e+01,  5.01200000e+01, -1.20000000e-01,         1.60000000e-01,  4.70000000e+01,  3.00000000e-01,         1.20000000e-01,  3.00000000e-01],       [ 5.05428204e+01,  5.03464437e+01,  5.15622252e-01,         8.39356919e-01,  4.88215762e+01,  3.06856053e-01,         1.00616448e-03,  2.90574254e-01],       [ 5.05403793e+01,  5.03688673e+01, -7.61999801e-01,         2.48268832e-01,  4.49945984e+01,  2.84754093e-01,         1.51258022e-01,  3.29474405e-01],       [ 5.03516356e+01,  5.01696568e+01, -6.70002783e-01,         6.08403661e-01,  4.50127571e+01,  2.93226316e-01,         3.35987248e-02,  1.52072998e-01],       [ 5.03523236e+01,  5.01497916e+01,  8.48712449e-01,         7.09882496e-01,  4.25320516e+01,  3.52955174e-01,         2.29473700e-01,  3.77601586e-01],       [ 5.03342637e+01,  5.03199592e+01,  6.46276149e-01,         3.98751757e-01,  4.26398158e+01,  3.54962500e-01,         2.20771465e-01,  3.74680168e-01],       [ 5.05022543e+01,  5.02911435e+01, -1.59990227e-01,         2.84306309e-01,  4.98384844e+01,  3.23782740e-01,         6.43109800e-02,  1.10924561e-01],       [ 5.03016351e+01,  5.02540512e+01, -7.45932236e-01,        -4.73844336e-01,  4.37865383e+01,  3.26121167e-01,         2.39740920e-01,  1.50243692e-01],       [ 5.04038799e+01,  5.03080369e+01, -3.69034040e-02,         5.77234625e-01,  4.85538007e+01,  3.58302645e-01,         4.47375311e-02,  2.50411736e-01],       [ 5.03569528e+01,  5.02474661e+01, -2.63455286e-01,         6.78541459e-01,  4.89623840e+01,  3.04387744e-01,         1.92236470e-01,  3.24564952e-01],       [ 5.04489638e+01,  5.02131865e+01, -9.50145975e-01,         6.08002877e-01,  4.47269238e+01,  3.28854694e-01,         2.91852890e-01,  2.22360796e-01],       [ 5.03820556e+01,  5.01557054e+01,  2.51830137e-01,        -5.22688363e-01,  4.27271167e+01,  3.55166576e-01,         2.77334183e-01,  2.73024060e-01],       [ 5.03196005e+01,  5.03299856e+01, -3.44581132e-01,        -5.68151185e-01,  4.86006495e+01,  3.19979841e-01,         1.74309890e-01,  3.34492398e-01],       [ 5.04260218e+01,  5.02423494e+01, -3.92761804e-01,        -9.47838755e-01,  4.99432808e+01,  3.53438064e-01,         5.65025687e-02,  3.31641684e-01],       [ 5.04953784e+01,  5.02039104e+01,  5.85099604e-01,        -2.57856162e-01,  4.90051783e+01,  3.12308071e-01,         3.03527657e-01,  3.25302619e-01],       [ 5.05142082e+01,  5.01125828e+01,  3.51426096e-01,         1.38667386e-01,  4.27706201e+01,  3.53689915e-01,         1.40584058e-02,  2.42497816e-01],       [ 5.04766716e+01,  5.03647381e+01, -4.07810758e-01,         2.17171789e-01,  4.48899735e+01,  3.24603296e-01,         1.72890451e-01,  1.62129854e-01],       [ 5.04052591e+01,  5.02776668e+01,  4.45996826e-01,        -5.26925539e-01,  4.66951517e+01,  2.90718265e-01,         2.80054733e-01,  2.00148032e-01],       [ 5.04199117e+01,  5.03860128e+01,  3.58993997e-01,        -9.13848048e-01,  4.91330163e+01,  3.27965252e-01,         4.18873335e-02,  1.62871323e-01],       [ 5.04158485e+01,  5.02576048e+01, -8.16082367e-01,        -1.90632297e-01,  4.46322649e+01,  2.82351333e-01,         1.42713891e-01,  1.92354023e-01],       [ 5.03635351e+01,  5.03183051e+01,  1.50581764e-01,         9.53800452e-02,  4.48153454e+01,  2.81430615e-01,         2.78664474e-01,  2.28059597e-01],       [ 5.04180924e+01,  5.01687204e+01, -3.68859883e-01,         7.63775390e-01,  4.51543031e+01,  3.54605592e-01,         5.90323403e-02,  1.55902307e-01],       [ 5.04802231e+01,  5.01058229e+01, -4.93503141e-01,         7.02553717e-02,  4.54200537e+01,  3.42094012e-01,         4.14252008e-02,  2.94204012e-01],       [ 5.05397958e+01,  5.01169939e+01,  1.24804577e-01,         7.00004762e-01,  4.70176564e+01,  3.88481231e-01,         4.17485534e-02,  1.61011544e-01],       [ 5.06143747e+01,  5.02197613e+01, -3.09189516e-01,        -9.49796032e-01,  4.72025871e+01,  3.76242708e-01,         1.67574601e-01,  2.31945090e-01],       [ 5.05080261e+01,  5.01848697e+01, -3.56655373e-01,        -5.65276666e-01,  4.12211140e+01,  2.87712282e-01,         2.22139041e-01,  1.25644505e-01],       [ 5.03618104e+01,  5.02182454e+01, -6.27303289e-01,         2.47690682e-01,  4.51335374e+01,  3.73290308e-01,         1.65382015e-01,  3.33185948e-01],       [ 5.03128380e+01,  5.01399126e+01,  2.48187497e-01,        -1.17921074e+00,  4.69368640e+01,  3.21759928e-01,         2.11394496e-01,  9.80659891e-02],       [ 5.06268475e+01,  5.01839861e+01, -7.37977713e-01,        -8.07406836e-01,  4.47477459e+01,  3.55063648e-01,         8.27556544e-03,  1.66064803e-01],       [ 5.03930926e+01,  5.02127855e+01,  2.70242476e-01,        -2.65202675e-01,  4.69162283e+01,  3.40380149e-01,         5.96207085e-02,  3.27938004e-01],       [ 5.03424710e+01,  5.01197499e+01, -8.51779499e-01,        -9.15836240e-01,  4.27227683e+01,  2.96425460e-01,         7.32561877e-02,  1.92356336e-01],       [ 5.03957172e+01,  5.03266329e+01, -8.42200075e-01,        -9.91533587e-01,  4.60418671e+01,  3.29654076e-01,         1.94540792e-01,  1.63802176e-01],       [ 5.05942428e+01,  5.01671641e+01, -2.39459442e-01,        -1.16101996e-01,  4.40323798e+01,  3.72479144e-01,         7.11597489e-02,  1.11456837e-01],       [ 5.04473824e+01,  5.01233389e+01,  5.56028770e-01,         4.81107202e-01,  4.36023055e+01,  3.28445079e-01,         4.24078418e-02,  2.10400297e-01],       [ 5.06496116e+01,  5.03607617e+01, -9.92781969e-01,        -8.85254865e-01,  4.45340255e+01,  3.88265229e-01,         9.63050063e-02,  2.80532132e-01],       [ 5.05994062e+01,  5.01682671e+01, -5.91113925e-01,        -1.03331228e+00,  4.09939770e+01,  3.39496843e-01,         2.25913723e-01,  1.70581185e-01]]), array([ -0.        ,  -0.        ,  -0.        ,  -0.        ,        -0.        ,  -0.        ,  -0.        ,  -0.        ,        -0.        ,  -0.        ,  -0.        ,  -0.        ,        -0.        ,  -0.        ,  -0.        ,  -0.        ,        -0.        ,  -0.        ,  -0.        ,  -0.        ,        -0.        ,  -0.        ,  -0.06894238,  -0.        ,        -0.        ,  -0.        ,  -0.        ,  -0.        ,        -0.        ,  -0.        ,  -0.        ,  -0.        ,       -16.47010792,  -0.        ,  -0.        ,  -0.        ])), 'net': {'saver_path': 'C:\\Users\\YbMinutes\\labscript-suite\\userlib\\labscriptlib\\ybclock\\analysis\\analysislib-mloop\\M-LOOP_archives\\neural_net_archive_2022-02-02_15-21_sFsayZ2W.ckpt'}}
net_2={'last_hyperfit': 0, 'last_net_reg': 1e-08, 'regularization_history': [1e-08], 'losses_list': [1.226545, 0.08479885, 0.008002417, 0.0011633425, 0.00019936658, 1.8767447e-05, 2.3273062e-06, 8.5766624e-07, 6.0582096e-07, 5.381044e-07, 5.3388453e-07, 5.310309e-07, 5.305474e-07, 5.3043783e-07, 5.3041424e-07, 5.304077e-07, 5.304076e-07, 5.304075e-07, 5.304075e-07, 5.304074e-07, 1.0608106, 0.13171683, 0.0025485738, 0.00047238154, 2.0349315e-05, 1.9379784e-06, 6.0685227e-07, 5.676934e-07, 5.3673756e-07, 5.349662e-07, 0.6242414, 0.37941742, 0.14530252, 0.003089805, 0.0018367319, 0.00092427817, 0.00017418321, 1.4002779e-05, 1.3991839, 0.42162743, 0.07454336, 0.0022421014, 0.0033017765, 0.00024068095, 0.000115358416, 6.404684e-05, 2.914988e-05, 1.8827017e-05, 1.174739e-05, 7.915792e-06, 5.1309585e-06, 3.4211412e-06, 2.3592308e-06, 1.6806318e-06, 1.2418298e-06, 9.768589e-07, 8.092841e-07, 7.0395765e-07, 6.4263685e-07, 6.010941e-07, 1.2034179, 0.62236124, 0.38673323, 0.6602894, 0.6083297, 0.49849987, 0.42866424, 0.35319445, 0.21214885, 0.06520154, 0.008496197, 0.0009394747, 7.926718e-05, 1.446508e-05, 3.1850557e-06, 1.4030031e-06, 8.402617e-07, 6.8713496e-07, 6.1369104e-07, 5.908133e-07, 0.2674186, 0.1498912, 0.19352128, 0.06439706, 0.0034933963, 0.0012406617, 0.00038760508, 0.00024115137, 0.00015963645, 0.00011898296, 8.681665e-05, 6.343924e-05, 4.660544e-05, 3.6344783e-05, 2.6116586e-05, 1.9339941e-05, 1.4257602e-05, 1.004497e-05, 7.3899005e-06, 5.327556e-06, 3.932799e-06, 2.8311251e-06, 2.295706e-06, 1.6520044e-06, 1.4750719e-06, 1.1085881e-06, 9.637804e-07, 8.091242e-07, 7.398158e-07, 6.745e-07, 0.56252277, 0.4268809, 0.22775546, 0.08919921, 0.042588565, 0.0015683802, 0.00042666573, 4.3022672e-05, 2.4798113e-05, 1.6692953e-05, 1.0218289e-05, 6.353196e-06, 4.9796017e-06, 3.84467e-06, 2.2867039e-06, 1.6283235e-06, 1.3231358e-06, 1.4321198e-06, 9.879136e-07, 7.714002e-07, 6.986141e-07, 6.6903783e-07, 0.5969431, 0.8927902, 0.9212339, 0.41719595, 0.30549455, 0.2402765, 0.19180757, 0.1459586, 0.09370779, 0.0633878, 0.03101796, 0.026574643, 0.012452041, 0.011658926, 1.0356313, 0.71106875, 0.5372223, 0.26141375, 0.11469026, 0.0042236657, 0.0009988176, 0.00020906431, 0.00014217969, 7.855896e-05, 6.479386e-05, 3.6746773e-05, 2.2195292e-05, 1.5511298e-05, 7.868444e-06, 5.4993807e-06, 5.656342e-06, 2.6779812e-06, 1.8332091e-06, 1.8763685e-06, 0.65851825, 0.23846036, 1.886623, 0.355141, 0.018195901, 0.0015734582, 0.0003300982, 0.0001468245, 7.2276554e-05, 3.9823397e-05, 2.2896806e-05, 1.3749723e-05, 8.61293e-06, 5.2542127e-06, 3.4436923e-06, 2.3274013e-06, 1.6487828e-06, 1.245269e-06, 1.0097674e-06, 8.736573e-07, 7.9273235e-07, 7.4393876e-07, 0.78513235, 0.5317081, 0.4875636, 0.40297142, 0.7479843, 0.5228588, 0.41170138, 0.3291356, 0.22078799, 0.24699703, 0.13649558, 0.15536696, 0.79833955, 0.4565101, 0.29892159, 0.16430111, 0.23767701, 0.12830037, 0.00748649, 0.0015169134, 0.00042257333, 0.00014505582, 8.1052196e-05, 5.2631185e-05, 3.625523e-05, 2.7989332e-05, 1.8805384e-05, 1.6015965e-05, 9.388853e-06, 6.879095e-06, 6.553186e-06, 4.140522e-06, 7.189431e-06, 5.6637264e-06, 0.011304807, 0.07999847, 0.0020065785, 0.00012976806, 6.722071e-05, 4.1165804e-05, 2.9040313e-05, 1.8130762e-05, 1.2866859e-05, 7.762695e-06, 4.9537302e-06, 3.3818199e-06, 2.5384923e-06, 2.617229e-06, 1.4922075e-06, 1.7105758e-06, 0.2892049, 0.76698196, 0.40095547, 0.3755919, 0.26680654, 0.6287867, 1.2732247, 0.56643593, 0.3744553, 0.28964794, 0.23535998, 0.5446884, 0.53874296, 0.15222175, 0.08185322, 0.0038877805, 0.00036196847, 7.3144656e-05, 2.3099234e-05, 7.5157946e-06, 3.0957747e-06, 1.6135389e-06, 1.105804e-06, 9.337373e-07, 8.735596e-07, 8.522291e-07, 0.39847162, 0.309533, 0.2613209, 0.21647799, 0.28249073, 0.19278803, 0.08527979, 0.11786887, 0.0058058687, 0.0004457436, 0.0013053549, 0.0033971341, 0.801897, 0.554527, 0.32841584, 0.43251574, 0.04579541, 0.005831714, 0.0015068336, 0.00079031254, 0.00039325768, 0.0002180601, 0.0001342052, 8.101815e-05, 4.646862e-05, 2.6397165e-05, 3.9557086e-05, 0.0009213469, 281.01544, 271.08038, 255.49867, 256.67203, 240.07372, 234.92102, 252.01079, 241.59215, 103774.41, 88255.66, 78557.66, 68675.88, 62221.348, 46014.895, 38932.43, 34954.027, 20924.447, 19259.174, 128439.12, 92958.0, 81134.414, 67118.05, 55106.74, 47627.285, 31869.783, 20294.344, 10523.7295, 4911.8657, 3352.2493, 456.9343, 279.57535, 177.20488, 138493.03, 168446.72, 76986.11, 44704.785, 15479.983, 4985.8896, 1696.9349, 967.501, 648.53265, 508.12363, 377.20792, 250.2921, 125386.8, 49840.06, 17104.55, 5252.533, 1458.2297, 554.218, 345.2727, 238.22511, 182.6664, 145.825, 121.688705, 99.89918, 85.09965, 85.82699, 64.50538, 54.993958, 125569.96, 50911.38, 39291.055, 32443.232, 20724.3, 12215.284, 6537.8135, 3168.2346, 1404.2229, 1257.2485, 413.8641, 279.15494, 202.20384, 186.25201, 114.87061, 91.404396, 130808.555, 19178.4, 8966.726, 10660.402, 1483.1986, 380.03955, 165.6634, 108.18051, 64.76767, 53.34731, 40.27501, 51.17242, 139051.0, 41579.676, 9042.127, 21329.746, 1633.9344, 805.87317, 577.77734, 370.86566, 270.60812, 237.01012, 177.35487, 154.00357, 132.41206, 198.24306, 91.103546, 79.68346, 65.345055, 58.73892, 112858.47, 76488.555, 71314.875, 68995.55], 'scaler_samples': (array([[ 5.04000000e+01,  5.01200000e+01, -1.20000000e-01,         1.60000000e-01,  4.70000000e+01,  3.00000000e-01,         1.20000000e-01,  3.00000000e-01],       [ 5.05428204e+01,  5.03464437e+01,  5.15622252e-01,         8.39356919e-01,  4.88215762e+01,  3.06856053e-01,         1.00616448e-03,  2.90574254e-01],       [ 5.05403793e+01,  5.03688673e+01, -7.61999801e-01,         2.48268832e-01,  4.49945984e+01,  2.84754093e-01,         1.51258022e-01,  3.29474405e-01],       [ 5.03516356e+01,  5.01696568e+01, -6.70002783e-01,         6.08403661e-01,  4.50127571e+01,  2.93226316e-01,         3.35987248e-02,  1.52072998e-01],       [ 5.03523236e+01,  5.01497916e+01,  8.48712449e-01,         7.09882496e-01,  4.25320516e+01,  3.52955174e-01,         2.29473700e-01,  3.77601586e-01],       [ 5.03342637e+01,  5.03199592e+01,  6.46276149e-01,         3.98751757e-01,  4.26398158e+01,  3.54962500e-01,         2.20771465e-01,  3.74680168e-01],       [ 5.05022543e+01,  5.02911435e+01, -1.59990227e-01,         2.84306309e-01,  4.98384844e+01,  3.23782740e-01,         6.43109800e-02,  1.10924561e-01],       [ 5.03016351e+01,  5.02540512e+01, -7.45932236e-01,        -4.73844336e-01,  4.37865383e+01,  3.26121167e-01,         2.39740920e-01,  1.50243692e-01],       [ 5.04038799e+01,  5.03080369e+01, -3.69034040e-02,         5.77234625e-01,  4.85538007e+01,  3.58302645e-01,         4.47375311e-02,  2.50411736e-01],       [ 5.03569528e+01,  5.02474661e+01, -2.63455286e-01,         6.78541459e-01,  4.89623840e+01,  3.04387744e-01,         1.92236470e-01,  3.24564952e-01],       [ 5.04489638e+01,  5.02131865e+01, -9.50145975e-01,         6.08002877e-01,  4.47269238e+01,  3.28854694e-01,         2.91852890e-01,  2.22360796e-01],       [ 5.03820556e+01,  5.01557054e+01,  2.51830137e-01,        -5.22688363e-01,  4.27271167e+01,  3.55166576e-01,         2.77334183e-01,  2.73024060e-01],       [ 5.03196005e+01,  5.03299856e+01, -3.44581132e-01,        -5.68151185e-01,  4.86006495e+01,  3.19979841e-01,         1.74309890e-01,  3.34492398e-01],       [ 5.04260218e+01,  5.02423494e+01, -3.92761804e-01,        -9.47838755e-01,  4.99432808e+01,  3.53438064e-01,         5.65025687e-02,  3.31641684e-01],       [ 5.04953784e+01,  5.02039104e+01,  5.85099604e-01,        -2.57856162e-01,  4.90051783e+01,  3.12308071e-01,         3.03527657e-01,  3.25302619e-01],       [ 5.05142082e+01,  5.01125828e+01,  3.51426096e-01,         1.38667386e-01,  4.27706201e+01,  3.53689915e-01,         1.40584058e-02,  2.42497816e-01],       [ 5.04766716e+01,  5.03647381e+01, -4.07810758e-01,         2.17171789e-01,  4.48899735e+01,  3.24603296e-01,         1.72890451e-01,  1.62129854e-01],       [ 5.04052591e+01,  5.02776668e+01,  4.45996826e-01,        -5.26925539e-01,  4.66951517e+01,  2.90718265e-01,         2.80054733e-01,  2.00148032e-01],       [ 5.04199117e+01,  5.03860128e+01,  3.58993997e-01,        -9.13848048e-01,  4.91330163e+01,  3.27965252e-01,         4.18873335e-02,  1.62871323e-01],       [ 5.04158485e+01,  5.02576048e+01, -8.16082367e-01,        -1.90632297e-01,  4.46322649e+01,  2.82351333e-01,         1.42713891e-01,  1.92354023e-01],       [ 5.03635351e+01,  5.03183051e+01,  1.50581764e-01,         9.53800452e-02,  4.48153454e+01,  2.81430615e-01,         2.78664474e-01,  2.28059597e-01],       [ 5.04180924e+01,  5.01687204e+01, -3.68859883e-01,         7.63775390e-01,  4.51543031e+01,  3.54605592e-01,         5.90323403e-02,  1.55902307e-01],       [ 5.04802231e+01,  5.01058229e+01, -4.93503141e-01,         7.02553717e-02,  4.54200537e+01,  3.42094012e-01,         4.14252008e-02,  2.94204012e-01],       [ 5.05397958e+01,  5.01169939e+01,  1.24804577e-01,         7.00004762e-01,  4.70176564e+01,  3.88481231e-01,         4.17485534e-02,  1.61011544e-01],       [ 5.06143747e+01,  5.02197613e+01, -3.09189516e-01,        -9.49796032e-01,  4.72025871e+01,  3.76242708e-01,         1.67574601e-01,  2.31945090e-01],       [ 5.05080261e+01,  5.01848697e+01, -3.56655373e-01,        -5.65276666e-01,  4.12211140e+01,  2.87712282e-01,         2.22139041e-01,  1.25644505e-01],       [ 5.03618104e+01,  5.02182454e+01, -6.27303289e-01,         2.47690682e-01,  4.51335374e+01,  3.73290308e-01,         1.65382015e-01,  3.33185948e-01],       [ 5.03128380e+01,  5.01399126e+01,  2.48187497e-01,        -1.17921074e+00,  4.69368640e+01,  3.21759928e-01,         2.11394496e-01,  9.80659891e-02],       [ 5.06268475e+01,  5.01839861e+01, -7.37977713e-01,        -8.07406836e-01,  4.47477459e+01,  3.55063648e-01,         8.27556544e-03,  1.66064803e-01],       [ 5.03930926e+01,  5.02127855e+01,  2.70242476e-01,        -2.65202675e-01,  4.69162283e+01,  3.40380149e-01,         5.96207085e-02,  3.27938004e-01],       [ 5.03424710e+01,  5.01197499e+01, -8.51779499e-01,        -9.15836240e-01,  4.27227683e+01,  2.96425460e-01,         7.32561877e-02,  1.92356336e-01],       [ 5.03957172e+01,  5.03266329e+01, -8.42200075e-01,        -9.91533587e-01,  4.60418671e+01,  3.29654076e-01,         1.94540792e-01,  1.63802176e-01],       [ 5.05942428e+01,  5.01671641e+01, -2.39459442e-01,        -1.16101996e-01,  4.40323798e+01,  3.72479144e-01,         7.11597489e-02,  1.11456837e-01],       [ 5.04473824e+01,  5.01233389e+01,  5.56028770e-01,         4.81107202e-01,  4.36023055e+01,  3.28445079e-01,         4.24078418e-02,  2.10400297e-01],       [ 5.06496116e+01,  5.03607617e+01, -9.92781969e-01,        -8.85254865e-01,  4.45340255e+01,  3.88265229e-01,         9.63050063e-02,  2.80532132e-01],       [ 5.05994062e+01,  5.01682671e+01, -5.91113925e-01,        -1.03331228e+00,  4.09939770e+01,  3.39496843e-01,         2.25913723e-01,  1.70581185e-01]]), array([ -0.        ,  -0.        ,  -0.        ,  -0.        ,        -0.        ,  -0.        ,  -0.        ,  -0.        ,        -0.        ,  -0.        ,  -0.        ,  -0.        ,        -0.        ,  -0.        ,  -0.        ,  -0.        ,        -0.        ,  -0.        ,  -0.        ,  -0.        ,        -0.        ,  -0.        ,  -0.06894238,  -0.        ,        -0.        ,  -0.        ,  -0.        ,  -0.        ,        -0.        ,  -0.        ,  -0.        ,  -0.        ,       -16.47010792,  -0.        ,  -0.        ,  -0.        ])), 'net': {'saver_path': 'C:\\Users\\YbMinutes\\labscript-suite\\userlib\\labscriptlib\\ybclock\\analysis\\analysislib-mloop\\M-LOOP_archives\\neural_net_archive_2022-02-02_15-21_5DTMyyiU.ckpt'}}
